tree
version=v4
num_class=1
num_tree_per_iteration=1
label_index=0
max_feature_idx=7
objective=quantile
feature_names=PULocationID pu_borough company dispatch_weather_sev dispatch_hour day_of_week is_holiday recent_zone_demand_filled
feature_infos=-1:134:77:59:128:227:35:157:226:242:230:74:144:66:160:245:251:166:5:177:46:108:40:15:103:221:141:252:233:159:34:78:140:87:158:125:184:232:240:37:72:126:110:88:95:138:73:109:93:137:80:235:207:39:47:23:154:136:194:222:48:225:164:85:182:229:133:24:33:139:212:259:98:234:12:67:239:228:243:70:224:165:162:219:90:209:89:76:63:31:11:16:112:69:250:155:173:231:193:185:170:256:238:60:257:163:258:237:64:121:49:175:201:123:20:216:45:2:153:204:75:83:161:115:119:122:147:206:8:254:61:181:54:18:43:208:211:151:19:132:255:53:86:246:38:79:142:187:192:178:169:145:148:244:117:26:205:223:92:130:220:81:58:1:156:102:68:100:27:129:30:202:131:143:213:214:65:196:167:191:50:14:176:215:22:135:199:21:51:253:189:120:84:217:188:127:113:104:152:179:248:174:218:118:9:71:41:149:36:146:96:114:32:111:7:17:171:210:198:241:13:183:99:247:52:168:62:105:186:4:197:236:42:82:29:56:124:172:91:3:55:203:200:180:57:10:44:150:190:94:116:28:6:107:249 -1:2:1:3:0:4 -1:0:1 -1:0:2:3 [0:23] [0:6] [0:1] [1:399]
tree_sizes=3786 2991 3806 2937 2983 3842 3924 3649 3060 3953 2965 3031 2928 3884 2910 4082 3003 4179 3947 2986 3842 3869

Tree=0
num_leaves=31
num_cat=18
split_feature=7 5 2 0 0 0 0 7 0 7 0 4 4 0 7 0 5 7 0 0 0 7 7 0 7 0 0 0 0 0
split_gain=598.222 151.408 123.455 93.9067 74.7482 74.7235 63.7149 62.3304 66.8432 60.4004 42.5831 39.6938 37.0514 35.8428 34.0302 47.861 33.766 28.9289 28.4529 26.1203 25.0177 29.4178 24.6302 23.1713 20.8323 22.6233 20.7711 20.6786 19.222 18.6682
threshold=106.50000000000001 4.5000000000000009 0 1 2 3 4 70.286403656005874 5 175.50000000000003 6 7.5000000000000009 7.5000000000000009 7 44.43931961059571 8 1.0000000180025095e-35 233.50000000000003 9 10 11 66.500000000000014 175.50000000000003 12 181.50000000000003 13 14 15 16 17
decision_type=2 2 1 9 9 9 9 2 9 2 9 2 2 9 2 9 2 2 9 9 9 2 2 9 2 9 9 9 9 9
left_child=2 3 5 9 29 -1 22 10 -9 23 -7 19 14 -6 -12 -16 -5 -8 -14 -10 -15 26 -3 -2 25 -18 -22 -13 -23 -4
right_child=1 6 4 16 13 7 17 8 11 -11 12 27 18 20 15 -17 24 -19 -20 -21 21 28 -24 -25 -26 -27 -28 -29 -30 -31
leaf_value=169.37671119352544 171.96908231682647 166.92791910796805 174.2151061866376 176.25823752697107 170.09471722816198 165.19548351541962 170.89356363304788 166.58319560284289 169.22161274348247 173.88820864036387 167.16761334751573 172.56456744909664 167.63796835697195 166.76408763261679 173.92490616685791 168.54164569655094 171.3989402770996 176.33757697423897 166.2563383229548 174.93633040279892 166.76557322242769 171.89507816855766 170.51870222992858 169.10413402370486 176.41100311279297 174.5036853736039 168.26185668546859 168.55624395207261 169.03440064068664 171.38338211900137
leaf_weight=44256 14389 30298 1866 8141 25163 83961 19134 67753 2590 11181 92764 4201 60915 46926 3688 14846 9250 1696 364296 3293 40543 6751 7930 21944 3833 8458 105627 53224 28154 13396
leaf_count=44256 14389 30298 1866 8141 25163 83961 19134 67753 2590 11181 92764 4201 60915 46926 3688 14846 9250 1696 364296 3293 40543 6751 7930 21944 3833 8458 105627 53224 28154 13396
internal_value=167.764 167.767 167.763 167.768 167.764 167.763 167.765 167.763 167.764 167.767 167.763 167.765 167.763 167.764 167.764 167.766 167.77 167.767 167.763 167.769 167.764 167.764 167.764 167.766 167.769 167.769 167.764 167.765 167.765 167.768
internal_weight=1.20047e+06 136254 1.06421e+06 77196 268426 795787 59058 751531 131061 47514 620470 63308 536509 253164 111298 18534 29682 20830 425211 5883 228001 181075 38228 36333 21541 17708 146170 57425 34905 15262
internal_count=1200467 136254 1064213 77196 268426 795787 59058 751531 131061 47514 620470 63308 536509 253164 111298 18534 29682 20830 425211 5883 228001 181075 38228 36333 21541 17708 146170 57425 34905 15262
cat_boundaries=0 1 9 18 26 34 42 51 59 68 77 86 95 103 111 119 128 137 144
cat_threshold=1 16777248 134283436 9476 4096 3221225536 21102608 536870916 134480712 2229272 1090524160 135528448 84410884 4194369 1074794752 2097408 13107344 2 270532628 3254787073 1310720 1442316 4194305 1077940480 9312 33685520 32 134217868 27288836 4224 2751471616 131137 536870912 134480458 17928224 402653448 29696 4096 536944704 131072 134217732 405013324 528992 1048896 8194 8411392 1073741832 268566531 134219776 673188680 1 159383552 2149187584 4104 163856 19136512 82313760 67245152 2164277252 1048832 8194 56627296 532544 234881056 295936 692736 67641473 4 2684354560 131072 1279263000 1145077760 8388896 605028880 274989200 2155872384 2 8388608 49280 2684354560 536936448 1073745408 16777233 1611661312 67618 8 71307296 134217752 10256 134238272 1073154 134381572 8388608 941623562 1 32 12 4 0 3221225472 0 0 262720 0 0 16777216 128 536936449 0 0 268437504 0 49540 8405764 268509312 1141378560 50331657 134250496 329312 2155874304 65600 524808 33619968 0 33554468 0 558081 8 2147551232 65570 2248737281 1610678272 167774464 33554456 135299074 32801 4 0 1024 134217728 0 1 1073741824 256
is_linear=0
shrinkage=1


Tree=1
num_leaves=31
num_cat=4
split_feature=7 5 2 7 7 4 4 4 5 4 3 5 4 4 4 7 7 4 4 5 4 4 5 4 7 3 2 5 4 4
split_gain=515.545 132.133 114.989 69.7955 65.0754 67.5254 35.6978 45.626 67.3844 32.7579 42.6668 35.3215 39.8119 69.464 29.4374 24.7643 22.5275 18.7042 18.3692 46.407 16.9858 16.785 15.4215 17.6244 14.1441 12.8743 11.3832 11.197 11.0292 19.1148
threshold=110.50000000000001 4.5000000000000009 0 181.50000000000003 63.500000000000007 7.5000000000000009 10.500000000000002 22.500000000000004 5.5000000000000009 8.5000000000000018 1 5.5000000000000009 6.5000000000000009 2.5000000000000004 7.5000000000000009 40.235843658447273 55.111856460571296 21.500000000000004 21.500000000000004 1.0000000180025095e-35 21.500000000000004 18.500000000000004 1.0000000180025095e-35 1.5000000000000002 233.50000000000003 2 3 4.5000000000000009 2.5000000000000004 8.5000000000000018
decision_type=2 2 1 2 2 2 2 2 2 2 9 2 2 2 2 2 2 2 2 2 2 2 2 2 2 9 1 2 2 2
left_child=2 3 4 14 9 22 24 -8 -9 10 11 -1 13 -13 -2 -12 -4 -7 -11 -20 26 28 -6 -24 -3 -25 -16 -17 -18 -30
right_child=1 6 16 -5 5 17 7 8 -10 18 15 12 -14 -15 20 27 21 -19 19 -21 -22 -23 23 25 -26 -27 -28 -29 29 -31
leaf_value=-0.84894641529964798 6.2207865971852865 3.3173748358333182 0.24660703306737589 6.9640329835212471 5.9119216448104108 -0.44680733263237898 -0.22881904703793454 -1.468943960781681 7.2140919438762161 -1.5089627318124967 -1.0998408700585511 2.089292444261535 -0.74106224360530182 11.252043295099975 2.554708899609889 1.3630042527258643 -0.76677645253835958 1.7634448245401515 4.8290171449006989 -1.0719974505655774 5.276500107791489 0.20052561667641522 0.012796410710498541 10.933522134163596 7.5717708045860581 3.3535033689273845 4.2773338971509274 -0.8758846852060066 4.0639049413975048 1.5205181019769467
leaf_weight=4076 6774 7813 185348 16247 4324 153254 36414 3817 4482 398529 119585 2050 1877 1957 29265 26694 4717 20598 7068 40686 9345 27346 5315 355 1649 7632 9099 9836 10605 43155
leaf_count=4076 6774 7813 185348 16247 4324 153254 36414 3817 4482 398529 119585 2050 1877 1957 29265 26694 4717 20598 7068 40686 9345 27346 5315 355 1649 7632 9099 9836 10605 43155
internal_value=-2.08027e-05 0.00301969 -0.000374078 0.00444295 -0.00067443 0.000130092 0.00116151 0.000571086 0.00391674 -0.000925995 -0.00032651 0.00284638 0.00532461 0.0081395 0.00358525 -0.000528938 0.00051626 -0.00016888 -0.00114908 -0.000222391 0.00314731 0.00118599 0.00307897 0.00223575 0.00395159 0.00372042 0.00268168 0.000610456 0.00166416 0.00186756
internal_weight=1.19991e+06 124905 1.07501e+06 70730 803836 191478 54175 44713 8299 612358 166075 9960 5884 4007 54483 156115 271171 173852 446283 47754 47709 85823 17626 13302 9462 7987 38364 36530 58477 53760
internal_count=1199912 124905 1075007 70730 803836 191478 54175 44713 8299 612358 166075 9960 5884 4007 54483 156115 271171 173852 446283 47754 47709 85823 17626 13302 9462 7987 38364 36530 58477 53760
cat_boundaries=0 1 2 3 4
cat_threshold=1 8 8 1
is_linear=0
shrinkage=0.05


Tree=2
num_leaves=31
num_cat=15
split_feature=7 5 0 2 0 7 0 0 7 0 0 7 0 5 0 5 0 5 0 7 7 0 0 7 0 0 7 7 7 7
split_gain=476.715 118.966 117.842 91.9193 78.9924 55.7381 70.117 54.1848 48.0134 41.6287 35.1112 28.7598 29.8037 28.6102 28.4173 27.235 25.6616 25.1291 24.8133 24.5917 19.0832 28.5551 18.2461 16.9713 16.7478 16.5252 16.1562 15.962 15.7836 14.9027
threshold=109.50000000000001 4.5000000000000009 0 1 2 70.286403656005874 3 4 201.50000000000003 5 6 52.500000000000007 7 4.5000000000000009 8 1.0000000180025095e-35 9 5.5000000000000009 10 47.177225112915046 44.43931961059571 11 12 250.50000000000003 13 14 164.50000000000003 206.50000000000003 139.50000000000003 88.500000000000014
decision_type=2 2 9 1 9 2 9 9 2 9 9 2 9 2 9 2 9 2 9 2 2 9 9 2 9 9 2 2 2 2
left_child=2 4 19 5 8 9 -7 23 28 -4 -5 12 -12 18 -13 22 -11 -9 -8 -1 -18 -22 -6 -3 -14 -15 -17 -19 -2 -20
right_child=1 7 3 10 15 6 13 17 -10 16 11 14 24 25 -16 26 20 27 29 -21 21 -23 -24 -25 -26 -27 -28 -29 -30 -31
leaf_value=1.3696279088544401 1.2417994366645646 3.6935278876207067 -2.3343015289220914 -0.96462672393240556 5.3369622690281862 -1.1029897826086525 5.4031632580822819 -1.7350387860516943 6.3061645884284934 0.13277378558630495 -1.3248136050128811 6.0332179646507518 2.3231312596119227 -1.0069119649312515 1.4352919206719665 4.8238530531053483 -1.4169463238501039 0.79027425668007967 1.3430417638699952 3.833617915177395 1.8671058353733914 -0.88805551688587636 10.243536215959143 8.8412583599985108 0.38471115629342878 1.5069910480232218 7.2281388086935667 4.3501711619211498 3.4067682221598954 3.7427954907014724
leaf_weight=51261 18450 11682 85942 49269 4252 74544 5300 15267 6449 63011 28606 2794 14340 16541 61268 16125 306354 23820 20659 16796 14671 144227 3354 996 96823 10954 6188 3801 17617 9167
leaf_count=51261 18450 11682 85942 49269 4252 74544 5300 15267 6449 63011 28606 2794 14340 16541 61268 16125 306354 23820 20659 16796 14671 144227 3354 996 96823 10954 6188 3801 17617 9167
internal_value=-2.12752e-05 0.00286283 -0.000365479 -0.000501903 0.0041979 -0.000779511 0.000131774 0.00112245 0.00281051 -0.00098302 0.000322203 0.000611726 0.000209666 0.00136506 0.00148903 0.00616643 -0.000816937 0.000272972 0.00231082 0.00164786 -0.000945189 -0.000500574 0.0087523 0.00399275 0.000580041 0.0001573 0.00528772 0.00117284 0.00210067 0.00174856
internal_weight=1.20053e+06 128001 1.07253e+06 1.00447e+06 72435 751370 137165 55566 42516 614205 253100 203831 139769 62621 64062 29919 528263 42888 35126 68057 465252 158898 7606 12678 111163 27495 22313 27621 36067 29826
internal_count=1200528 128001 1072527 1004470 72435 751370 137165 55566 42516 614205 253100 203831 139769 62621 64062 29919 528263 42888 35126 68057 465252 158898 7606 12678 111163 27495 22313 27621 36067 29826
cat_boundaries=0 9 10 18 26 34 42 50 59 68 76 85 94 102 110 118
cat_threshold=270532628 3221232640 1079246848 84279812 4194305 1077940224 1376 33685520 2 1 16777248 134234540 9472 4096 1073741888 21102592 536870916 134480712 16879648 134217992 25664 4096 1610686528 131072 1179652 405013326 0 98560 2147549440 16384 33625697 54525952 32768 591876 1577568 320 24578 8411392 1342177288 268566531 134219776 673188616 4194528 134218008 10256 268456000 1074798592 167903238 8388608 404819208 2048 49284 41960196 536879232 603983616 16777281 134250496 262754 9 1050880 268443648 101191720 524288 168312832 33832 655362 540800 5 536870920 285343747 69765136 273711112 26214432 8448 40247296 2155872256 2155874304 65536 2621960 33636352 100663328 36 32768 33825 8 2147551488 4194304 4192 589888 168312832 201622536 285741568 1141383296 4 8421376 0 16388 128 536879105 64 0 268435460 134358024 17432576 134217728 34111504 19136576 79168256 69210112 2155896960 2048 16388 564199940 33579136 2214594080 65 1744830464 2080
is_linear=0
shrinkage=0.05


Tree=3
num_leaves=31
num_cat=11
split_feature=7 5 2 7 7 5 7 7 3 1 1 7 1 5 5 5 5 1 5 7 1 7 5 1 5 3 5 3 1 7
split_gain=402.417 106.514 97.1325 64.8176 38.2799 33.4105 26.1346 19.0944 17.9495 17.541 17.4695 22.7513 17.3423 16.5723 24.593 15.9602 13.7889 11.731 11.0005 11.544 10.9444 10.652 9.5102 10.1655 11.964 16.5149 8.72229 8.23581 12.5506 8.64209
threshold=101.50000000000001 4.5000000000000009 0 165.50000000000003 63.500000000000007 5.5000000000000009 215.50000000000003 221.50000000000003 1 2 3 54.488090515136726 4 1.0000000180025095e-35 1.5000000000000002 5.5000000000000009 1.0000000180025095e-35 5 2.5000000000000004 39.500000000000007 6 44.43931961059571 4.5000000000000009 7 2.5000000000000004 8 2.5000000000000004 9 10 38.238948822021491
decision_type=2 2 1 2 2 2 2 2 9 1 1 2 1 2 2 2 2 1 2 2 1 2 2 1 2 9 2 9 1 2
left_child=2 3 4 9 8 12 -7 -5 15 13 21 -12 -3 -2 -15 17 -10 -1 27 -20 -21 -4 23 24 25 -6 -11 -18 29 -29
right_child=1 5 10 7 22 6 -8 -9 16 26 11 -13 -14 14 -16 -17 18 -19 19 20 -22 -23 -24 -25 -26 -27 -28 28 -30 -31
leaf_value=2.0331825472802829 5.8626396520411888 2.3340290388437568 1.2924318586241954 5.0962556824653955 9.5718726826949272 1.4456213473864743 5.7223827241501048 7.7094234081085347 -0.39092392732010367 2.6343819422914034 -0.0891909890131629 1.1446134729314519 -1.5458980920848506 -2.1664309758818492 3.8260729301257776 2.199893613751609 -1.7841073125251077 -1.7149801549508823 -1.2847097805737013 0.92034281105059179 -0.77884957266970933 4.0152377045935177 -0.58607211292574712 -0.39902277178992168 1.5812639572380427 -0.210225416627463 0.86494176260768951 1.5350873872899276 -1.5500661527006288 10.314007767852205
leaf_weight=2869 5740 4368 32677 17334 558 35579 4704 5845 85546 14182 146873 80255 20905 2794 28269 11484 148073 10169 217943 16062 116288 4513 61484 43967 32930 32725 11590 717 2865 707
leaf_count=2869 5740 4368 32677 17334 558 35579 4704 5845 85546 14182 146873 80255 20905 2794 28269 11484 148073 10169 217943 16062 116288 4513 61484 43967 32930 32725 11590 717 2865 707
internal_value=-3.2605e-05 0.0023779 -0.000380399 0.00353779 -0.000659733 0.000860637 0.00175471 0.00579641 -0.000844616 0.00270116 0.000448549 0.000284011 -0.000564438 0.00340192 0.00294675 0.000480792 -0.000899872 -0.000716369 -0.000999743 -0.000845479 -0.000477145 0.00145296 1.73568e-07 0.00027818 0.000669479 1.0504e-06 0.00169847 -0.00135441 0.000805548 0.00462343
internal_weight=1.20002e+06 151310 1.0487e+06 85754 784387 65556 40283 23179 612723 62575 264318 227128 25273 36803 31063 24522 588201 13038 502655 350293 132350 37190 171664 110180 66213 33283 25772 152362 4289 1424
internal_count=1200015 151310 1048705 85754 784387 65556 40283 23179 612723 62575 264318 227128 25273 36803 31063 24522 588201 13038 502655 350293 132350 37190 171664 110180 66213 33283 25772 152362 4289 1424
cat_boundaries=0 1 2 3 4 5 6 7 8 9 10 11
cat_threshold=1 8 4 17 8 24 1 5 4 1 4
is_linear=0
shrinkage=0.05


Tree=4
num_leaves=31
num_cat=6
split_feature=7 5 2 7 4 7 7 3 4 4 5 4 4 5 1 1 5 5 4 5 5 7 4 5 4 4 1 1 7 4
split_gain=370.42 98.6297 91.2014 60.0778 46.0423 52.0564 31.9941 31.4716 29.4855 29.4239 23.8288 28.7487 57.1381 19.0019 22.6741 18.2368 43.9265 33.5019 29.4927 22.8543 17.7706 19.1013 17.404 40.8847 20.0475 16.6489 16.2859 14.4166 14.1102 13.2262
threshold=101.50000000000001 4.5000000000000009 0 164.50000000000003 8.5000000000000018 44.43931961059571 213.50000000000003 1 7.5000000000000009 16.500000000000004 5.5000000000000009 6.5000000000000009 2.5000000000000004 1.0000000180025095e-35 2 3 1.0000000180025095e-35 1.5000000000000002 21.500000000000004 5.5000000000000009 4.5000000000000009 75.500000000000014 22.500000000000004 5.5000000000000009 10.500000000000002 2.5000000000000004 4 5 221.50000000000003 1.5000000000000002
decision_type=2 2 1 2 2 2 2 9 2 2 2 2 2 2 1 1 2 2 2 2 2 2 2 2 2 2 1 1 2 2
left_child=2 3 4 8 5 7 22 10 26 -6 -1 12 -12 14 -7 17 18 -11 -17 -18 21 -19 24 -24 -3 -4 -2 -25 -5 -15
right_child=1 6 25 28 9 13 -8 -9 -10 15 11 -13 -14 29 -16 16 19 20 -20 -21 -22 -23 23 27 -26 -27 -28 -29 -30 -31
leaf_value=-0.72394661301566576 7.7045544444557228 2.5973308457255126 -1.1548486152863773 5.0855397192719831 -1.3774038122881531 6.4593875481858491 4.3331493094275189 -0.84783877657844087 2.5120312323680984 -2.1496120173416666 0.35295963241785561 -0.89787768561542058 10.231085598029907 -1.0112983840193024 0.75738065065163718 0.23590244675789795 -1.7446332766551196 0.77170001113786879 5.5698792003956008 0.28355047469329075 -0.3790437709551483 3.2429267034163836 -1.4781903274070558 8.6084274724003915 -0.4106373358871464 0.64726005039259171 3.5702320091628508 3.6195038178264447 7.5276111139716448 1.5638632522511287
leaf_weight=3543 3387 9047 19555 17862 318195 3941 6285 127520 55083 29609 1497 1670 1799 8977 3666 16492 115448 34333 5468 25692 32896 12676 3573 1802 42695 245146 3812 2073 5753 39943
leaf_count=3543 3387 9047 19555 17862 318195 3941 6285 127520 55083 29609 1497 1670 1799 8977 3666 16492 115448 34333 5468 25692 32896 12676 3573 1802 42695 245146 3812 2073 5753 39943
internal_value=-2.96734e-05 0.00228239 -0.000363604 0.00339668 -0.000634731 3.67154e-05 0.000820541 -0.000493242 0.00258245 -0.000853568 0.00245093 0.00468586 0.00739381 0.00131203 0.00363678 -0.000472354 -0.000807432 2.67509e-05 0.00127277 -0.00113115 0.0005591 0.00118286 0.000460381 0.00272019 0.000135092 0.000438777 0.00559175 0.00627742 0.00554414 0.00095053
internal_weight=1.19944e+06 151372 1.04807e+06 85897 783365 192556 65475 136029 62282 590809 8509 4966 3296 56527 7607 272614 163100 109514 21960 141140 79905 47009 59190 7448 51742 264701 7199 3875 23615 48920
internal_count=1199438 151372 1048066 85897 783365 192556 65475 136029 62282 590809 8509 4966 3296 56527 7607 272614 163100 109514 21960 141140 79905 47009 59190 7448 51742 264701 7199 3875 23615 48920
cat_boundaries=0 1 2 3 4 5 6
cat_threshold=1 8 4 20 4 4
is_linear=0
shrinkage=0.05


Tree=5
num_leaves=31
num_cat=19
split_feature=0 2 4 0 4 0 5 0 5 5 0 2 3 5 0 0 0 0 0 0 0 4 4 4 5 5 0 0 0 0
split_gain=177.105 62.5498 61.5821 64.5885 51.0613 56.063 59.1732 43.879 39.5215 38.2687 36.9506 27.4441 27.0733 25.8335 36.8557 25.7245 24.7314 23.1011 20.7233 20.5386 19.6001 19.3623 18.732 22.543 25.7986 24.2173 21.8024 20.337 16.4755 13.6049
threshold=0 1 7.5000000000000009 2 21.500000000000004 3 1.0000000180025095e-35 4 1.0000000180025095e-35 5.5000000000000009 5 6 7 5.5000000000000009 8 9 10 11 12 13 14 4.5000000000000009 20.500000000000004 4.5000000000000009 1.0000000180025095e-35 5.5000000000000009 15 16 17 18
decision_type=9 1 2 9 2 9 2 9 2 2 9 1 9 2 9 9 9 9 9 9 9 2 2 2 2 2 9 9 9 9
left_child=11 2 3 8 7 -6 29 -4 17 19 -3 22 -11 -8 -15 -13 -9 21 -5 -10 -12 -2 23 24 -1 27 -24 -26 -18 -7
right_child=1 10 4 18 5 6 13 16 9 12 20 15 -14 14 -16 -17 28 -19 -20 -21 -22 -23 26 -25 25 -27 -28 -29 -30 -31
leaf_value=7.7091458191561593 9.4972871283725446 2.2709294121009402 0.25968517302520094 1.490913931746163 3.9321940807944844 9.2240746173460124 -1.8598508338690676 -2.1389559555832514 -1.79935767654408 3.2631462710560961 -0.72864637194109882 4.869787755314551 10.055823933558248 4.7560462306808553 -0.30682541763450022 2.4996171896872377 -1.7387915101748381 2.7866073736297086 -0.36819621504370131 2.8210804030255936 0.50467901380957303 -3.6914036334928739 1.545531647733497 0.78882108474474188 -3.4614591283469687 5.9996099829826264 5.0455511336849854 4.6429963598876709 -0.85569002158901564 4.2426749225749631
leaf_weight=2352 2472 28752 84248 24688 16983 1259 40799 59727 8276 3976 46942 11234 1266 3055 9908 18272 89626 2619 101770 5886 198180 268 8864 60427 3480 2278 7508 1227 347430 6560
leaf_count=2352 2472 28752 84248 24688 16983 1259 40799 59727 8276 3976 46942 11234 1266 3055 9908 18272 89626 2619 101770 5886 198180 268 8864 60427 3480 2278 7508 1227 347430 6560
internal_value=-4.90376e-05 -0.000247351 -0.000468024 0.000442034 -0.000676666 0.000519702 -0.000181927 -0.000838433 0.00277661 0.00172799 0.000405952 0.00181095 0.00537772 -0.000773038 0.00117141 0.00312716 -0.00101736 0.00657865 -1.5341e-05 0.000377064 0.000206989 0.00978182 0.00136029 0.00100309 0.0032896 0.00176449 0.00288236 -0.000283621 -0.000886892 0.00388221
internal_weight=1.20033e+06 1.08469e+06 810816 151221 659595 78564 61581 581031 24763 19404 273874 115642 5242 53762 12963 29506 496783 5359 126458 14162 245122 2740 86136 69764 9337 6985 16372 4707 437056 7819
internal_count=1200332 1084690 810816 151221 659595 78564 61581 581031 24763 19404 273874 115642 5242 53762 12963 29506 496783 5359 126458 14162 245122 2740 86136 69764 9337 6985 16372 4707 437056 7819
cat_boundaries=0 8 9 17 25 34 43 44 45 54 61 69 77 85 93 102 110 118 127 136
cat_threshold=270532624 3221232640 1075052544 393732 4264001 1077940480 1376 33685524 1 140 67239990 50372672 2147541000 117440512 2147491840 100966400 278921216 4 16859136 20971540 50356360 2801926144 2113 34353280 2359360 2688550912 131073 2355101976 1409286152 545259808 1048592 2105472 2148270208 2 8520704 16908288 2286026760 84410368 538968064 12059201 69210112 2173190272 2 1 1 2155872256 403079248 2147484672 2147483968 297984 2248802306 270565376 268961800 2 270532608 1073746944 262144 4 65 4096 256 530016 536870992 130 2149587216 67108872 268650498 135790594 1611661312 4 0 16785408 24576 83886080 0 32768 2097152 1073741824 134742024 270551204 54526032 9437344 136314880 8524288 2365587521 4 4 16785408 24576 117440512 0 40960 270532608 4194400 28 2096 142671936 1572866 16941062 679477760 536972544 1 0 2147486720 1075052544 0 69696 4096 1088 131088 0 2147485696 0 516 69696 4194304 1024 131092 202391560 8196 33562624 8413248 302383108 2156167296 16777216 140518208 1 67131904 539230240 536890432 4194368 8389120 114688 93454336 1346371840 8
is_linear=0
shrinkage=0.05


Tree=6
num_leaves=31
num_cat=19
split_feature=7 0 0 2 7 0 7 0 4 0 4 0 0 0 7 4 0 7 0 0 3 0 0 0 7 0 0 7 0 7
split_gain=307.472 93.3974 77.3494 60.9918 44.2994 56.191 44.2697 39.1655 35.7525 30.7568 27.96 23.7846 23.2385 22.8313 22.8616 21.0741 20.8114 18.7324 20.4287 18.3115 17.728 18.8197 16.1009 15.9633 15.8429 17.9143 15.8146 13.261 12.9688 12.6703
threshold=109.50000000000001 0 1 2 72.481208801269545 3 175.50000000000003 4 5.5000000000000009 5 8.5000000000000018 6 7 8 60.500000000000007 7.5000000000000009 9 44.43931961059571 10 11 12 13 14 15 157.50000000000003 16 17 41.201894760131843 18 23.500000000000004
decision_type=2 9 9 1 2 9 2 9 2 9 2 9 9 9 2 2 9 2 9 9 9 9 9 9 2 9 9 2 9 2
left_child=1 27 6 4 7 -6 -2 -3 -4 -5 11 29 -12 -11 19 22 -16 20 -19 -15 21 -13 -7 -17 26 -26 -10 -1 -8 -9
right_child=2 3 8 9 5 15 28 10 24 13 12 17 -14 14 16 23 -18 18 -20 -21 -22 -23 -24 -25 25 -27 -28 -29 -30 -31
leaf_value=1.3047110305185021 0.82839003961074187 -2.1417335913281259 7.7189417245762462 -0.98613465076467544 -0.83967958181705993 7.466395536596572 7.0014753060307573 0.45674143394391242 7.8448301316160753 2.3403941594448314 0.063225318685467782 7.5128061660365235 -1.1965316214050297 -1.101447534060396 4.1842863001905917 6.4883910852018607 0.96135018839650055 -1.3747196780682194 2.0275121012670079 0.38628949501647281 -1.0140708126639908 0.62322262537256046 2.1025556436725257 1.0561609695345915 4.1966735706459088 6.261429474640579 2.6614926419275688 3.2244172740371697 3.2016699710972567 2.8837134668585729
leaf_weight=41855 62705 92236 6279 48184 74811 2221 2137 10578 1187 19761 56032 1225 343556 35525 6986 1269 42261 9423 17886 101308 86309 4645 2679 44373 7957 4484 24234 20068 18581 9117
leaf_count=41855 62705 92236 6279 48184 74811 2221 2137 10578 1187 19761 56032 1225 343556 35525 6986 1269 42261 9423 17886 101308 86309 4645 2679 44373 7957 4484 24234 20068 18581 9117
internal_value=-5.4057e-05 -0.000330121 0.00226655 -0.000445644 -0.00067078 0.000187749 0.00137038 -0.000841331 0.00395903 0.000224681 -0.000678301 -6.80052e-05 -0.000890894 0.000490864 0.000319199 0.00147551 0.00124302 -0.000333396 0.000816763 -1.32655e-05 -0.000674179 0.00198467 0.00459184 0.00114127 0.00338043 0.00484246 0.00266492 0.00155466 0.00337436 0.00154149
internal_weight=1.19987e+06 1.07231e+06 127564 1.01038e+06 756360 125353 83423 631007 44141 254025 538771 139183 399588 205841 186080 50542 49247 119488 27309 136833 92179 5870 4900 45642 37862 12441 25421 61923 20718 19695
internal_count=1199872 1072308 127564 1010385 756360 125353 83423 631007 44141 254025 538771 139183 399588 205841 186080 50542 49247 119488 27309 136833 92179 5870 4900 45642 37862 12441 25421 61923 20718 19695
cat_boundaries=0 8 16 17 25 33 41 49 58 67 76 85 94 95 103 111 119 127 135 143
cat_threshold=270532624 3221232640 1213464576 67535364 4194305 1077940224 9568 33685520 32 134234284 16868356 4224 8256 16908352 536903684 402916200 1 16879648 134217992 25604 4096 1610686528 131072 537001988 405013326 68686432 320 8322 20864 1073741832 147521 134219776 673188680 541069344 134217880 24624 134287424 1074806786 151158796 8388608 404752640 4 336199682 34912 2169511960 50331648 2157977856 570884096 2222981120 541073408 42074113 69763352 268435464 8388896 67109648 337903760 524416 2 16916488 17432576 0 18350352 2097152 70779392 69341185 2160611460 2 2155939844 268500992 103354377 1073741824 167774464 33554464 134217728 67149857 13 2155874304 536887296 2759934985 536870912 536949312 33554454 1074790400 65574 1 2048 49440 8389124 536895616 67120896 65 671121408 329322 8 8 8388608 671088692 10618368 33554497 8228 16845440 5247493 1074003968 0 65574 58721024 1073766400 2382368768 8 32768 32769 2147485700 65536 524288 33619968 134217728 8228 0 524288 0 0 2147483648 0 3758161920 0 0 2097152 8388608 98304 2155872256 1073741824 1536 37748736 134217728 589824 0 0 16777216 4096 0 131072 0 268697664
is_linear=0
shrinkage=0.05


Tree=7
num_leaves=31
num_cat=12
split_feature=0 4 0 0 4 5 5 0 0 4 0 5 5 0 4 5 0 4 0 3 5 4 5 0 5 0 5 4 4 5
split_gain=144.436 51.273 55.2393 53.1495 31.5065 65.7559 52.8378 65.0418 31.5492 27.0333 26.7069 23.2403 26.4713 38.2687 20.1854 19.8428 21.4011 20.2467 19.6156 19.5271 25.3984 22.6751 45.646 43.9626 41.69 43.476 22.4953 27.985 44.8766 21.0496
threshold=0 8.5000000000000018 1 2 22.500000000000004 1.0000000180025095e-35 5.5000000000000009 3 4 16.500000000000004 5 1.5000000000000002 4.5000000000000009 6 11.500000000000002 1.0000000180025095e-35 7 2.5000000000000004 8 9 4.5000000000000009 6.5000000000000009 2.5000000000000004 10 1.0000000180025095e-35 11 5.5000000000000009 1.5000000000000002 6.5000000000000009 1.0000000180025095e-35
decision_type=9 2 9 9 2 2 2 9 9 2 9 2 2 9 2 2 9 2 9 9 2 2 2 9 2 9 2 2 2 2
left_child=18 2 15 9 8 -6 -7 -8 -5 -3 -4 -11 13 -13 -10 16 17 -2 -1 26 21 24 29 -24 25 -21 -12 -28 -29 -23
right_child=1 3 10 4 5 6 7 -9 14 11 19 12 -14 -15 -16 -17 -18 -19 -20 20 -22 22 23 -25 -26 -27 27 28 -30 -31
leaf_value=3.3567046716405819 7.8954924671013007 -0.33956344734481442 -1.407517609834614 -1.6061036907392912 7.7489767203651203 -1.6027918900071469 7.8268691817472362 0.21488059716240465 -1.2511137991432471 -0.82715991485848406 -0.7920263114547601 4.7894247369303908 0.41059870672139609 0.31554482200277395 -0.45096805309317384 1.881525159580014 0.2414534813121117 2.1661931537649552 1.6122772403157044 4.8090512924415361 -0.91682278721083099 -3.8693145412253234 6.0397728961553376 1.7152178657192545 -1.0069959618578619 0.37623959856476608 -0.20255000230993001 8.6241462900257968 -0.088949462006281788 0.61458217090174572
leaf_weight=19445 3268 56563 33655 112921 5204 27195 3223 6202 101687 14507 4088 19201 21775 10473 435771 30358 2111 1937 97941 7279 50697 5747 7761 22121 51699 19081 2564 3032 1792 20897
leaf_count=19445 3268 56563 33655 112921 5204 27195 3223 6202 101687 14507 4088 19201 21775 10473 435771 30358 2111 1937 97941 7279 50697 5747 7761 22121 51699 19081 2564 3032 1792 20897
internal_value=-5.9554e-05 -0.000240157 0.00035964 -0.000437525 -0.000607423 0.00072279 -2.45779e-05 0.00320159 -0.000692974 0.000522365 6.93712e-05 0.0012102 0.00170858 0.00268012 -0.000533317 0.00213433 0.00447239 0.00618888 0.00160627 0.000292018 0.000168067 0.000527361 0.00129002 0.00263168 -2.49182e-05 0.00159332 0.00229348 0.00394017 0.00618366 -0.000214684
internal_weight=1.2002e+06 1.08281e+06 268087 814722 692203 41824 36620 9425 650379 122519 230413 65956 51449 29674 537458 37674 7316 5205 117386 196758 185282 134585 56526 29882 78059 26360 11476 7388 4824 26644
internal_count=1200195 1082809 268087 814722 692203 41824 36620 9425 650379 122519 230413 65956 51449 29674 537458 37674 7316 5205 117386 196758 185282 134585 56526 29882 78059 26360 11476 7388 4824 26644
cat_boundaries=0 8 17 26 34 43 52 61 69 77 78 87 96
cat_threshold=270532608 3221232640 1310720 1475076 541130817 1077940224 271712 33685508 1073741852 67764258 40960 2168471568 33558528 2155880704 100798464 2426404880 4 545392640 50348033 3426746380 67108864 2147483936 68158273 270532736 786448 2 2147483652 458816 16819201 33583296 67116032 2181038080 36864 404750440 1074270432 536870992 8322 6464 67108872 134610946 135790594 1209010432 1 72555040 545275904 2 8390656 1074135050 604028994 0 536936994 1 2048 33570816 1077936132 0 2147483680 65 0 262144 2 20 0 8192 2164277248 33558528 2147483904 0 278921232 268435456 4096 1310720 0 4194305 1073745920 32 33554432 8 2684387330 402751488 4865 4224 544512 19398656 807469056 201329664 8 524288 0 23085076 33566728 2373976096 129 270565392 151273544 2
is_linear=0
shrinkage=0.05


Tree=8
num_leaves=31
num_cat=2
split_feature=7 5 2 7 4 7 5 4 4 3 4 4 5 4 4 4 5 4 5 4 7 4 7 5 7 4 4 4 4 5
split_gain=255.457 75.1764 68.3716 40.0865 31.679 39.8074 24.1693 49.9663 26.3161 22.8507 22.5144 20.3716 20.1902 25.812 47.5472 18.3555 16.5005 29.7387 20.9419 18.8131 17.2275 13.787 12.1728 11.6436 11.5942 19.3606 11.2031 10.3881 12.1143 10.3177
threshold=100.05751800537111 4.5000000000000009 0 166.50000000000003 8.5000000000000018 45.500000000000007 5.5000000000000009 22.500000000000004 9.5000000000000018 1 16.500000000000004 7.5000000000000009 5.5000000000000009 6.5000000000000009 2.5000000000000004 18.500000000000004 1.0000000180025095e-35 21.500000000000004 1.5000000000000002 18.500000000000004 39.500000000000007 2.5000000000000004 221.50000000000003 1.0000000180025095e-35 59.500000000000007 7.5000000000000009 18.500000000000004 1.5000000000000002 7.5000000000000009 4.5000000000000009
decision_type=2 2 1 2 2 2 2 2 2 9 2 2 2 2 2 2 2 2 2 2 2 2 2 2 2 2 2 2 2 2
left_child=2 3 4 11 5 9 15 8 -8 12 -6 -2 -1 14 -14 -3 17 19 -18 -12 -20 -4 -5 -7 -23 -26 -27 -25 -29 -11
right_child=1 6 21 22 10 23 7 -9 -10 29 16 -13 13 -15 -16 -17 18 -19 20 -21 -22 24 -24 27 25 26 -28 28 -30 -31
leaf_value=-0.84552609306814641 4.6715110188850053 1.640189612560079 -1.0947995191024791 4.3013290493510352 -1.2064975143770977 3.4220435986821389 3.4911488006383689 5.9471760368817677 -0.10793662900875306 -0.47620615566188951 1.41702489302891 2.1198282974991312 0.47571627158761437 -0.96462791539258164 9.7027978653243192 -1.9203338864530026 -2.135076797033038 4.6292623077505528 -1.0830513299125384 -1.7074205236304296 -0.024817946572585646 0.29939533832142401 6.4895733594008407 -0.99061048116439143 4.5488079924751998 1.4739576741831391 -0.11365602903517476 2.2674683459273863 0.36373104208766738 -1.6624465368935539
leaf_weight=3596 7618 8137 19624 16642 317569 7180 8814 5013 27296 94562 12135 57566 1510 1714 1801 17787 33689 9021 77472 16018 122640 180527 5863 8674 3641 38992 21136 18262 19912 34719
leaf_count=3596 7618 8137 19624 16642 317569 7180 8814 5013 27296 94562 12135 57566 1510 1714 1801 17787 33689 9021 77472 16018 122640 180527 5863 8674 3641 38992 21136 18262 19912 34719
internal_value=-6.56321e-05 0.00183034 -0.000346537 0.00279402 -0.000581789 -2.39683e-05 0.000569972 0.00132371 0.000674327 -0.000474686 -0.000763699 0.00216587 0.00201775 0.00406468 0.00664301 -0.000625676 -0.000428915 0.000549576 -0.000584494 -0.000250951 -0.000390333 0.000349158 0.00461342 0.00112645 0.000451582 0.00103114 0.000816756 0.000839095 0.00119401 -0.000640892
internal_weight=1.19913e+06 154736 1.04439e+06 87689 780474 191930 67047 41123 36110 137902 588544 65184 8621 5025 3311 25924 270975 37174 233801 28153 200112 263920 22505 54028 244296 63769 60128 46848 38174 129281
internal_count=1199130 154736 1044394 87689 780474 191930 67047 41123 36110 137902 588544 65184 8621 5025 3311 25924 270975 37174 233801 28153 200112 263920 22505 54028 244296 63769 60128 46848 38174 129281
cat_boundaries=0 1 2
cat_threshold=1 8
is_linear=0
shrinkage=0.05


Tree=9
num_leaves=31
num_cat=21
split_feature=0 0 4 4 0 0 2 0 0 2 4 0 0 0 4 0 4 3 4 0 0 0 0 0 3 4 0 0 4 4
split_gain=120.314 48.7194 39.7356 41.6475 41.7112 39.648 26.3226 23.1871 19.3597 17.8066 14.8297 34.8456 14.6994 14.2855 13.3503 15.6222 15.2753 13.0861 17.0285 23.9727 15.8785 13.0732 12.1955 12.1156 11.9136 11.6433 11.0811 10.6062 10.37 10.0425
threshold=0 1 8.5000000000000018 13.500000000000002 2 3 4 5 6 7 21.500000000000004 8 9 10 17.500000000000004 11 4.5000000000000009 12 6.5000000000000009 13 14 15 16 17 18 6.5000000000000009 19 20 6.5000000000000009 1.5000000000000002
decision_type=9 9 2 2 9 9 1 9 9 1 2 9 9 9 2 9 2 9 2 9 9 9 9 9 9 2 9 9 2 2
left_child=9 -2 5 22 -5 24 7 -6 -7 14 23 -12 -8 -11 16 -16 27 20 21 -20 29 -19 -4 -9 25 -3 -21 -1 -22 -10
right_child=1 2 3 4 6 8 12 10 17 13 11 -13 -14 -15 15 -17 -18 18 19 26 28 -23 -24 -25 -26 -27 -28 -29 -30 -31
leaf_value=0.77870377969317284 -1.2043626656494155 7.6728192937172723 0.18084117109781583 1.3284581744539987 0.34767824632902483 -1.0461338261797575 -0.7388652265855804 -1.7212910691605818 -0.2048910990085786 2.017312471608312 2.6256970396366324 -0.89746718290379235 0.87841333092140561 4.0414292829463951 0.98016919636508693 3.4163679324026832 0.29961355278687779 0.96747392147959099 2.7863335388957489 -0.86825966703490076 2.909802824752739 -0.52803594966340928 -1.1269901224666012 -0.72726260501508233 2.0861199073671313 -0.66273134903451025 1.0245323179929302 4.593265522279812 -1.9659614529132474 6.8825603061352183
leaf_weight=3694 131408 1593 25317 69317 80665 33017 20824 53226 582 14421 13999 33646 88752 12631 13742 15983 40726 26949 17454 14364 4689 69425 181915 158575 31751 587 31838 4620 2688 1974
leaf_count=3694 131408 1593 25317 69317 80665 33017 20824 53226 582 14421 13999 33646 88752 12631 13742 15983 40726 26949 17454 14364 4689 69425 181915 158575 31751 587 31838 4620 2688 1974
internal_value=-6.85299e-05 -0.000224177 -0.000100956 -0.000284385 -4.51261e-05 0.000461332 -0.000221117 -0.000438255 0.000196807 0.00154134 -0.000668438 0.000128554 0.000452835 0.00264823 0.00116136 0.00199748 0.000654567 0.000412035 0.000302755 0.000937381 0.00217306 -0.000116423 -0.0008836 -0.000847755 0.0020431 0.00561926 0.000340603 0.00260765 0.000990252 0.00556118
internal_weight=1.20037e+06 1.09456e+06 963147 726236 519004 236911 449687 340111 202980 105817 259446 47645 109576 27052 78765 29725 49040 169963 160030 63656 9933 96374 207232 211801 33931 2180 46202 8314 7377 2556
internal_count=1200372 1094555 963147 726236 519004 236911 449687 340111 202980 105817 259446 47645 109576 27052 78765 29725 49040 169963 160030 63656 9933 96374 207232 211801 33931 2180 46202 8314 7377 2556
cat_boundaries=0 8 17 26 34 35 43 51 52 60 69 77 84 85 94 102 111 119 127 128 137 145
cat_threshold=270532632 3221232640 1310720 68551172 4259905 1077940480 9568 33554436 68686432 536870992 130 276830528 131082 163846 134742018 536873216 1 536882176 33701889 1077936144 8 564138016 68157505 375652480 524304 2 4 67502595 40960 2168504336 33558656 2147491840 34015232 2443313168 1 2160066560 268501632 2887811340 1610678272 3222274304 33554448 8390672 458880 4261888 43008000 1275265040 0 1610907648 872431808 3238002704 98850 1 16772 18874368 16786432 50389120 100960256 8456320 36864 1075855456 1077936132 83886732 59904 138477568 2560 134218760 545277968 136192 12 24 3221227520 1048576 262656 65536 4198400 9312 4 0 2147485696 1048576 68157440 65600 4352 320 8 3758129408 402685992 268964384 0 8407552 27525120 610271232 202375168 12 1073872896 272629804 11013120 2097161 293601284 134283776 5292549 1207959553 24576 17301508 2199932932 532480 219152416 134217729 276861568 4169 2 163840 87556096 3422584840 1090519048 537133344 8389120 541200512 2156007424 1207959680 25690156 9216 2113681 335806464 2156218496 1048576 1479540736 8 155648 18874368 559939588 673193993 353378308 1049105 16384 262217 2 8 3221225472 0 67109380 64 4194560 64 4
is_linear=0
shrinkage=0.05


Tree=10
num_leaves=31
num_cat=8
split_feature=7 5 2 7 4 7 3 5 4 4 4 5 4 4 4 1 7 4 1 1 4 5 4 1 5 1 4 2 7 5
split_gain=214.71 62.1199 55.7109 30.5671 28.6664 35.5076 20.8285 20.7106 42.1309 21.569 18.0864 17.4274 22.5016 39.3396 15.1785 13.9885 14.1363 13.8051 13.7434 13.3477 12.9673 12.6283 30.2373 14.9237 26.4342 11.8071 14.904 11.2109 10.7642 10.6273
threshold=101.50000000000001 4.5000000000000009 0 181.50000000000003 8.5000000000000018 45.500000000000007 1 5.5000000000000009 22.500000000000004 9.5000000000000018 13.500000000000002 5.5000000000000009 6.5000000000000009 2.5000000000000004 18.500000000000004 2 52.500000000000007 7.5000000000000009 3 4 18.500000000000004 1.0000000180025095e-35 22.500000000000004 5 1.5000000000000002 6 1.5000000000000002 7 139.50000000000003 1.0000000180025095e-35
decision_type=2 2 1 2 2 2 9 2 2 2 2 2 2 2 2 1 2 2 1 1 2 2 2 1 2 1 2 1 2 2
left_child=2 3 4 17 5 6 11 14 9 25 -6 -1 13 -13 -3 -4 -17 19 -10 -2 -18 22 -12 24 -23 27 -27 -9 -19 -7
right_child=1 7 15 -5 10 29 -8 8 18 -11 21 12 -14 -15 -16 16 20 28 -20 -21 -22 23 -24 -25 -26 26 -28 -29 -30 -31
leaf_value=-0.71128167335581172 6.4140493035200441 1.4286966700727164 1.4438225723030493 4.8867629007659419 -1.2394841575338349 3.2959646024938181 -0.71963156063549905 5.9882395172444847 7.4968270150891927 -0.11305963194137776 -0.17812884228217804 0.50492781095233497 -0.83941499974793587 9.3428319567397189 -1.7841334927828176 -0.16774325246917776 1.2039706140875768 1.7103976229234896 2.8635454617883105 2.6848480030246469 -0.26335648661042288 -2.359829772660516 6.2899482562508897 -1.1219501946077728 -0.10826502512635479 -1.3621228109483399 4.7918633345140664 0.7635837944835463 3.1824084886209953 0.96906419991417314
leaf_weight=3628 3592 7952 37139 16216 191220 7309 129271 3272 2607 26583 51171 1497 1723 1823 17392 141937 59857 41039 2359 4821 25820 27709 4064 156316 161628 2796 1368 1332 20028 47003
leaf_count=3628 3592 7952 37139 16216 191220 7309 129271 3272 2607 26583 51171 1497 1723 1823 17392 141937 59857 41039 2359 4821 25820 27709 4064 156316 161628 2796 1368 1332 20028 47003
internal_value=-6.80244e-05 0.00169245 -0.000322011 0.00257912 -0.000533696 -3.22609e-06 -0.000429602 0.000535248 0.0012393 0.000633503 -0.000705937 0.00194268 0.00384394 0.00625 -0.000584755 0.000305132 0.000158286 0.00212291 0.00555175 0.00402175 0.000665463 -0.000515083 0.000186927 -0.000627263 -0.000328683 0.00278399 0.00084571 0.00452536 0.00186132 0.00107969
internal_weight=1.20047e+06 151357 1.04912e+06 85696 784362 192254 137942 65661 40317 35351 592108 8671 5043 3320 25344 264753 227614 69480 4966 8413 85677 400888 55235 345653 189337 8768 4164 4604 61067 54312
internal_count=1200472 151357 1049115 85696 784362 192254 137942 65661 40317 35351 592108 8671 5043 3320 25344 264753 227614 69480 4966 8413 85677 400888 55235 345653 189337 8768 4164 4604 61067 54312
cat_boundaries=0 1 2 3 4 5 6 7 8
cat_threshold=1 8 17 4 4 21 4 1
is_linear=0
shrinkage=0.05


Tree=11
num_leaves=31
num_cat=3
split_feature=7 5 7 2 4 4 3 5 4 7 4 5 4 4 4 7 4 4 2 4 7 4 5 7 4 5 4 5 5 5
split_gain=198.911 67.3091 52.845 47.0043 26.4336 22.3744 21.2436 28.4223 21.7011 21.4365 21.3143 20.4527 45.5124 22.1822 17.4744 13.0373 11.2188 10.7552 11.8049 10.0997 9.92377 14.3008 9.66169 9.33852 9.2299 15.7338 8.94565 27.1013 10.0217 8.47701
threshold=81.500000000000014 4.5000000000000009 139.50000000000003 0 7.5000000000000009 7.5000000000000009 1 5.5000000000000009 1.5000000000000002 40.235843658447273 6.5000000000000009 5.5000000000000009 22.500000000000004 9.5000000000000018 19.500000000000004 212.50000000000003 3.5000000000000004 21.500000000000004 2 18.500000000000004 47.177225112915046 7.5000000000000009 1.5000000000000002 138.50000000000003 2.5000000000000004 1.0000000180025095e-35 21.500000000000004 1.0000000180025095e-35 5.5000000000000009 5.5000000000000009
decision_type=2 2 2 1 2 2 9 2 2 2 2 2 2 2 2 2 2 2 1 2 2 2 2 2 2 2 2 2 2 2
left_child=3 2 4 5 -2 6 7 -1 -9 22 -10 14 13 -13 23 -4 -5 18 -6 20 -18 -22 -8 -3 25 -11 -7 -28 -29 -21
right_child=1 11 15 16 17 26 9 8 10 24 -12 12 -14 -15 -16 -17 19 -19 -20 29 21 -23 -24 -25 -26 -27 27 28 -30 -31
leaf_value=-1.7277969439830223 4.224389025863645 -0.18020256188945155 3.4365014482769354 -1.067108963791819 0.53757962867352616 -0.92045735159241959 0.25151762399725802 0.0037315955566276137 7.7527502982804855 2.5773901062178872 -0.11754896567556031 2.7231508420551016 5.0055911846271064 -0.22954091563389262 -2.2973355895239869 5.4464684942619535 0.26512459820483791 3.000266195759199 2.1528076197332155 -0.65660729637052628 3.556373588864898 0.93335658399157728 -1.0182233372415221 2.3760332154728481 1.7413344496161647 -1.85250471523063 3.6459802523950788 -1.208137460263633 0.96013996273933433 1.3966219446082033
leaf_weight=3062 10238 17545 32015 22460 57321 517296 30669 1715 2715 4464 838 10776 6118 42332 18599 7536 112206 13208 18537 44873 5121 50849 71107 4024 20823 8694 8342 39907 9091 7683
leaf_count=3062 10238 17545 32015 22460 57321 517296 30669 1715 2715 4464 838 10776 6118 42332 18599 7536 112206 13208 18537 44873 5121 50849 71107 4024 20823 8694 8342 39907 9091 7683
internal_value=-7.74239e-05 0.00121597 0.00192701 -0.000397775 0.00131143 -0.000601088 -4.39677e-05 0.00240696 0.00463364 -0.000194356 0.00686321 0.000222648 0.000813324 0.000342885 -0.000648278 0.0034726 0.000203089 0.00103485 0.000805583 0.000311417 0.000500486 0.00104431 -0.000557402 0.000320134 0.000892998 -0.00014364 -0.000740783 -0.00014824 -0.00059676 -0.000293593
internal_weight=1.20016e+06 238249 138855 961915 99304 718723 144087 8330 5268 135757 3553 99394 59226 53108 40168 39551 243192 89066 75858 220732 168176 55970 101776 21569 33981 13158 574636 57340 48998 52556
internal_count=1200164 238249 138855 961915 99304 718723 144087 8330 5268 135757 3553 99394 59226 53108 40168 39551 243192 89066 75858 220732 168176 55970 101776 21569 33981 13158 574636 57340 48998 52556
cat_boundaries=0 1 2 3
cat_threshold=1 8 1
is_linear=0
shrinkage=0.05


Tree=12
num_leaves=31
num_cat=11
split_feature=7 2 7 4 7 4 4 3 1 7 4 1 3 3 3 1 4 2 4 7 4 4 1 4 4 4 7 7 7 1
split_gain=177.266 48.9603 40.1493 24.6304 28.7941 16.7129 16.4051 15.188 14.262 11.7324 13.337 10.5791 11.4273 13.6962 11.5658 10.4859 13.5041 11.4342 10.376 9.73144 9.15614 7.57587 7.47996 7.28239 7.24059 15.0242 7.17252 7.10068 7.04661 6.83613
threshold=100.05751800537111 0 175.50000000000003 8.5000000000000018 49.500000000000007 8.5000000000000018 16.500000000000004 1 2 52.500000000000007 18.500000000000004 3 4 5 6 7 21.500000000000004 8 6.5000000000000009 44.43931961059571 2.5000000000000004 19.500000000000004 9 3.5000000000000004 21.500000000000004 19.500000000000004 87.500000000000014 26.500000000000004 221.50000000000003 10
decision_type=2 1 2 2 2 2 2 9 1 2 2 1 9 9 9 1 2 1 2 2 2 2 1 2 2 2 2 2 2 1
left_child=1 3 5 4 7 -2 -5 18 19 23 -11 12 24 26 -15 -7 17 -17 20 -3 -1 -19 -20 -10 25 -8 -14 29 -4 -9
right_child=2 8 28 6 -6 15 11 27 9 10 -12 -13 13 14 -16 16 -18 21 22 -21 -22 -23 -24 -25 -26 -27 -28 -29 -30 -31
leaf_value=0.21056746557405873 2.7766532913937843 1.030233117645158 2.9522536578905823 -1.0155770849356001 1.2548149408986844 0.0085984406953266545 0.16520243977524032 1.8558941679085281 -1.2921189381390312 1.1412113907710146 -0.40870927343795344 -0.71408634419492456 0.57376215093460192 1.7973770198314689 12.35417446418567 0.44119075812505443 2.800618068319483 3.1135022624358779 2.3434872675232268 3.6164810065259667 4.7474196182055151 0.54285206804641484 -3.6099488017305235 -0.03049751324894245 0.83686292457627032 -1.6539529249473368 5.4312946868677674 -0.04642710282796602 4.5254189427475024 -1.0200406470751597
leaf_weight=1861 17905 32682 20274 317754 46569 27267 49997 2583 15571 59360 25449 162659 7712 501 440 46365 16823 9636 1774 4536 3569 4838 1809 126508 22613 26818 828 52370 11397 81651
leaf_count=1861 17905 32682 20274 317754 46569 27267 49997 2583 15571 59360 25449 162659 7712 501 440 46365 16823 9636 1774 4536 3569 4838 1809 126508 22613 26818 828 52370 11397 81651
internal_value=-7.7156e-05 -0.000310747 0.00150367 -0.000509644 -1.81087e-05 0.0010944 -0.000669941 -0.00036421 0.000277804 0.000128955 0.000594334 -0.000384583 -3.16868e-06 0.00165541 0.00738045 0.000853481 0.00114958 0.00080302 0.00162376 0.00118486 0.00300184 0.00202985 -0.000464696 -0.000148827 -0.000161324 -0.000392828 0.00102459 -0.000495375 0.003091 -0.000779615
internal_weight=1.20012e+06 1.04561e+06 154505 781508 192186 122834 589322 145617 264106 226888 84809 271568 108909 9481 941 104929 77662 60839 9013 37218 5430 14474 3583 142079 99428 76815 8540 136604 31671 84234
internal_count=1200119 1045614 154505 781508 192186 122834 589322 145617 264106 226888 84809 271568 108909 9481 941 104929 77662 60839 9013 37218 5430 14474 3583 142079 99428 76815 8540 136604 31671 84234
cat_boundaries=0 1 2 3 4 5 6 7 8 9 10 11
cat_threshold=1 8 17 20 1 4 8 2 1 26 16
is_linear=0
shrinkage=0.05


Tree=13
num_leaves=31
num_cat=18
split_feature=7 0 0 0 5 7 7 0 0 0 7 0 0 0 2 5 0 0 5 0 0 7 0 7 7 0 7 7 0 0
split_gain=162.233 75.8624 68.9709 52.7663 44.2012 34.3578 33.5701 42.2342 32.4643 27.9248 25.6427 25.4117 20.5272 17.1965 17.1985 15.752 20.3299 12.5487 12.2628 11.998 11.68 14.849 9.87955 9.03038 8.61031 8.59976 8.42134 7.87094 7.63765 7.48062
threshold=82.405902862548842 0 1 2 4.5000000000000009 175.50000000000003 40.235843658447273 3 4 5 166.50000000000003 6 7 8 9 4.5000000000000009 10 11 5.5000000000000009 12 13 63.500000000000007 14 95.500000000000014 53.500000000000007 15 152.50000000000003 108.50000000000001 16 17
decision_type=2 9 9 9 2 2 2 9 9 9 2 9 9 9 1 2 9 9 2 9 9 2 9 2 2 9 2 2 9 9
left_child=2 5 -1 29 9 15 11 -8 24 -3 19 -5 26 -13 28 16 -2 -16 -14 27 21 -10 -17 -21 -9 -7 -6 -11 -15 -4
right_child=1 4 3 6 12 25 7 8 20 10 -12 13 18 14 17 22 -18 -19 -20 23 -22 -23 -24 -25 -26 -27 -28 -29 -30 -31
leaf_value=-1.4703796791887307 -0.17930008367973743 6.6293849282042094 7.2607072502844794 0.51941395792460798 -0.34463193791840147 5.9240902234023212 3.4630718063573909 0.83487178302587639 -0.13881196990291025 0.7609729061156455 5.3592920145039145 -1.6637154763953277 0.40094131926845367 -1.346038053674373 1.4728261551506558 0.44523245268259065 2.005707613904137 -0.26800396764142592 3.5284414801731807 2.1702953795945406 -0.54092686310759575 1.4440317300310683 -1.3420564111275013 4.8953594095306139 2.4738619956042829 2.1706843468996682 2.6904630604654196 2.6699099692561856 -0.66139143325635641 1.6583987107700875
leaf_weight=164419 42785 5134 323 56430 22559 1635 11333 29870 63342 11451 8668 68881 4691 59473 17482 14746 24798 63139 9179 7497 163310 23232 33836 7670 16616 18576 3581 15989 183639 45199
leaf_count=164419 42785 5134 323 56430 22559 1635 11333 29870 63342 11451 8668 68881 4691 59473 17482 14746 24798 63139 9179 7497 163310 23232 33836 7670 16616 18576 3581 15989 183639 45199
internal_value=-7.01272e-05 0.00111482 -0.000355483 -0.000164277 0.00218819 0.000355754 -0.000263738 0.000138558 2.39545e-05 0.00309002 0.00273618 -0.000539414 0.000917269 -0.000682002 -0.000529325 2.47481e-05 0.000518398 0.000103508 0.00247118 0.00223238 -0.000201767 0.000267716 -0.000661975 0.00336134 0.00123709 0.00225842 9.1777e-05 0.00160656 -0.000739208 0.00148884
internal_weight=1.19948e+06 232795 966688 802269 96419 136376 756747 307703 296370 56409 51275 449044 40010 392614 323733 116165 67583 80621 13870 42607 249884 86574 48582 15167 46486 20211 26140 27440 243112 45522
internal_count=1199483 232795 966688 802269 96419 136376 756747 307703 296370 56409 51275 449044 40010 392614 323733 116165 67583 80621 13870 42607 249884 86574 48582 15167 46486 20211 26140 27440 243112 45522
cat_boundaries=0 8 16 24 33 41 50 59 68 77 78 86 94 102 111 119 127 135 141
cat_threshold=16814112 134217998 69231692 4224 8256 131088 536870916 134480714 1577056 134217984 24706 22784 1610621440 268566529 134217728 136383306 270532616 3221232641 1310720 67502604 4194305 1141903616 67118432 41943040 262404 878837824 4720640 134217792 43532288 136577024 2433220609 2147483664 6 2048 8192 69242985 34144256 134217776 4228136 152064 1145593984 8390656 2147516416 554238464 33636356 100663584 4194308 134250496 98321 8 537010192 50462720 1207992336 285245440 27262976 10494464 316936320 2147614720 2 0 16512 562037248 1073750016 3825205793 16777285 32768 270532644 8 67584 114892 25231876 536879296 67116288 68 32768 263172 13 1 4128 134217728 9280 4096 64 131088 0 134218504 16778240 337117184 2957115392 524305 268435532 606224 1179649 22040705 0 128 0 536870912 3758161921 33554432 0 270532612 2239823872 65570 587334400 1082130432 67109120 8212 0 1081345 9 36864 134217986 69207040 0 64 16 0 258 0 0 0 4096 0 131072 0 262208 16778752 542113792 2097152 11534336 2449473550 51370 1075314690 541073441 268435456 4096 0 0 0 1073741824
is_linear=0
shrinkage=0.05


Tree=14
num_leaves=31
num_cat=12
split_feature=7 5 7 2 5 1 5 1 5 7 7 7 1 3 5 1 3 5 3 5 7 5 5 2 1 5 1 3 5 5
split_gain=136.599 49.4871 42.1761 35.6752 16.5317 13.3692 13.049 12.9775 11.3278 11.1885 11.1709 10.4955 10.4944 9.55475 10.4341 8.85712 7.64121 12.02 12.0229 9.12981 7.00092 6.91131 14.5048 6.6911 6.5828 6.01843 8.72475 6.29941 5.47609 10.9917
threshold=79.324119567871108 4.5000000000000009 139.50000000000003 0 5.5000000000000009 1 3.5000000000000004 2 2.5000000000000004 215.50000000000003 49.500000000000007 221.50000000000003 3 4 1.0000000180025095e-35 5 6 2.5000000000000004 7 1.5000000000000002 17.500000000000004 2.5000000000000004 1.0000000180025095e-35 8 9 2.5000000000000004 10 11 1.0000000180025095e-35 1.5000000000000002
decision_type=2 2 2 1 2 1 2 1 2 2 2 2 1 9 2 1 9 2 9 2 2 2 2 1 1 2 1 9 2 2
left_child=3 2 5 10 15 6 -2 -5 -9 -6 13 24 -12 20 -15 -3 21 18 -18 -20 -1 22 -7 -21 28 26 27 -16 -4 -30
right_child=1 4 11 7 9 16 -8 8 -10 -11 12 -13 -14 14 25 -17 17 -19 19 23 -22 -23 -24 -25 -26 -27 -28 -29 29 -31
leaf_value=1.9104059985924291 0.96962144274797224 -1.1977286003539673 6.1214191326691951 0.73634529539261906 0.48476395485451651 2.2222329788619737 -1.9785650370087364 -0.74971232957472567 0.28180983264397069 3.3219392420353779 1.4359353179651944 5.0082813487975839 -0.37514561715963402 -0.16085141296597588 -2.4425115633033285 1.2051780269300021 -1.2552095537613301 1.8830038451959319 -6.1635800937230734 13.419213894922857 -0.32610265185041132 2.0448905027275601 -0.21790910834246377 5.475777855422499 2.1785151236625846 -0.77492634951579509 -0.91038707205122393 2.5433032703924869 -3.3727495271205612 3.8815549338105111
leaf_weight=6774 21586 36004 1903 87988 57032 15430 8134 61773 89826 4684 9755 5852 207215 68510 36514 6296 352 6723 116 804 14116 33772 20426 386 17427 277755 87900 1015 975 13154
leaf_count=6774 21586 36004 1903 87988 57032 15430 8134 61773 89826 4684 9755 5852 207215 68510 36514 6296 352 6723 116 804 14116 33772 20426 386 17427 277755 87900 1015 975 13154
internal_value=-8.88908e-05 0.000948273 0.0015387 -0.00036323 0.000113635 0.00102716 0.000124452 0.000164302 -0.000116056 0.00063549 -0.000541355 0.00294052 -0.000242431 -0.000673023 -0.000719366 -0.000647755 0.00137088 0.0027974 0.00661037 0.00882083 0.000373383 0.00119937 0.000715918 0.010126 0.00259885 -0.000816303 -0.00110377 -0.00174206 0.00333125 0.0029942
internal_weight=1.2002e+06 251056 147040 949141 104016 107729 29720 239587 151599 61716 709554 39311 216970 492584 471694 42300 78009 8381 1658 1306 20890 69628 35856 1190 33459 403184 125429 37529 16032 14129
internal_count=1200197 251056 147040 949141 104016 107729 29720 239587 151599 61716 709554 39311 216970 492584 471694 42300 78009 8381 1658 1306 20890 69628 35856 1190 33459 403184 125429 37529 16032 14129
cat_boundaries=0 1 2 3 4 5 6 7 8 9 10 11 12
cat_threshold=1 2 25 1 8 6 1 8 1 4 4 1
is_linear=0
shrinkage=0.05


Tree=15
num_leaves=31
num_cat=20
split_feature=7 0 0 0 7 7 0 4 5 0 0 0 0 7 4 0 0 0 0 5 4 0 0 0 3 4 0 0 0 0
split_gain=128.792 76.6569 60.8526 47.0709 40.3332 29.5035 43.0266 30.2089 29.0911 25.295 25.068 24.9246 19.2145 16.9697 16.0966 16.5064 14.175 13.8502 13.473 13.3263 25.1385 15.9169 12.9126 11.4226 10.8919 13.3754 15.3697 10.5826 10.2505 9.48784
threshold=79.324119567871108 0 1 2 143.50000000000003 36.382158279418952 3 8.5000000000000018 4.5000000000000009 4 5 6 7 164.50000000000003 8.5000000000000018 8 9 10 11 5.5000000000000009 22.500000000000004 12 13 14 15 9.5000000000000018 16 17 18 19
decision_type=2 9 9 9 2 2 9 2 2 9 9 9 9 2 2 9 9 9 9 2 2 9 9 9 9 2 9 9 9 9
left_child=2 4 -1 -4 14 12 -7 9 10 -8 -3 -9 -5 -12 15 -2 -6 -16 -14 23 22 -22 -21 -10 25 26 -20 -11 -13 -26
right_child=1 8 3 5 16 6 7 11 19 27 13 28 18 -15 17 -17 -18 -19 24 20 21 -23 -24 -25 29 -27 -28 -29 -30 -31
leaf_value=-1.4302583128902695 3.2740429084737834 6.3687407257963908 1.5659362810164226 -1.5074590574361042 1.1975886632094457 3.2105428291254841 -0.62329418591892516 -1.0002262882680313 -1.5377252621274073 3.202011151433819 2.4747857863861245 0.82005782092071611 0.43873743561011475 4.9494791242890708 -1.2861194601892438 -0.67077672241198805 3.917424273511513 0.22363008287799541 6.0686563033464154 -0.073219871936140435 7.6808649712391874 1.7823913927543011 2.5074728367174317 1.6955391083493216 -0.11306823311051062 -0.75175601124217861 1.0098585361503387 1.4450771016834361 -0.16680648949205251 -0.85964306265438784
leaf_weight=153779 8332 5019 51660 61090 36790 11669 19882 96884 10157 10032 41490 52422 43516 5191 54367 6481 10186 43355 1674 10387 1636 945 11122 5469 70775 5772 5409 29657 119966 215090
leaf_count=153779 8332 5019 51660 61090 36790 11669 19882 96884 10157 10032 41490 52422 43516 5191 54367 6481 10186 43355 1674 10387 1636 945 11122 5469 70775 5772 5409 29657 119966 215090
internal_value=-7.62132e-05 0.000931206 -0.000342509 -0.000166486 0.000269524 -0.000267852 7.48567e-05 -3.10637e-05 0.00208551 0.000987812 0.0028675 -0.00025647 -0.000557193 0.00250466 -0.000244147 0.00129177 0.00150013 -0.000476966 -0.000411343 0.00106808 0.00180573 0.00646842 0.00124622 -6.91168e-05 -0.000531083 0.000892648 0.00234858 0.00171679 0.000104176 -0.000595125
internal_weight=1.2002e+06 250927 949277 795498 159511 743838 340512 328843 91416 59571 51700 269272 403326 46681 112535 14813 46976 97722 342236 39716 24090 2581 21509 15626 298720 12855 7083 39689 172388 285865
internal_count=1200204 250927 949277 795498 159511 743838 340512 328843 91416 59571 51700 269272 403326 46681 112535 14813 46976 97722 342236 39716 24090 2581 21509 15626 298720 12855 7083 39689 172388 285865
cat_boundaries=0 8 16 24 33 42 51 59 68 76 84 92 100 108 117 125 126 134 142 151 160
cat_threshold=36896 134217740 83911692 536875136 2684362816 131088 536870916 402916170 528992 671088896 8322 22656 1073742400 147521 134217728 136383306 807411712 3221232640 1075052544 67502604 4194305 1077940480 2106720 33685504 262404 335937536 4753408 134217792 34619416 201588736 2436956161 2148532224 6 1074792448 16388 537069076 536870928 2684588288 33554460 1074790400 294948 1 8390656 2147483648 573112832 33636356 234881312 4194304 134250496 32785 8 67141632 32908 8406020 2629632 604060672 2 1612201990 1346633728 1114112 114888 27263492 8192 604052480 14 557060 263172 13 0 134217740 16793604 4096 2147483648 0 0 402916168 0 134217740 24576 4224 64 0 536870912 134218312 32 134217736 25600 4096 536870912 131072 0 134217800 131088 59244545 2281734144 290488320 25165824 2156921344 105257088 2172649472 8388608 81920 2147483648 16384 67178496 37748737 32768 2097156 4 16640 536870912 8192 67110433 69 32768 2097200 8 2147483648 16384 2694840320 24576 1140922880 20971585 1073774592 2099204 8 83886336 50 33687873 2149581073 268435460 956375168 2148532225 1073741824 2147483648 40962 69210144 42475520 8390656 2138112 655872 67125393 2148534272 4194368 337645641 33619968 143130912 2098232 4096 540816 1 263182 69599744 809633808 17 3145872 69730304 276889616 16400 2
is_linear=0
shrinkage=0.05


Tree=16
num_leaves=31
num_cat=5
split_feature=7 5 2 4 7 7 7 4 5 4 1 4 3 5 4 4 5 4 5 4 7 4 5 1 5 7 4 1 4 5
split_gain=119.421 44.2771 40.2198 20.977 25.1046 20.4683 12.4441 12.364 23.8375 15.1586 11.9032 11.5119 11.2716 22.2311 17.4438 20.7001 11.1137 11.2974 10.8525 10.263 9.22082 9.10977 10.8632 14.1829 8.96478 8.68109 16.7674 8.09275 7.62832 7.03573
threshold=95.500000000000014 4.5000000000000009 0 7.5000000000000009 49.500000000000007 139.50000000000003 55.111856460571296 22.500000000000004 5.5000000000000009 10.500000000000002 1 7.5000000000000009 2 5.5000000000000009 2.5000000000000004 6.5000000000000009 1.5000000000000002 3.5000000000000004 2.5000000000000004 2.5000000000000004 219.50000000000003 1.5000000000000002 1.0000000180025095e-35 3 4.5000000000000009 52.500000000000007 8.5000000000000018 4 18.500000000000004 5.5000000000000009
decision_type=2 2 1 2 2 2 2 2 2 2 1 2 9 2 2 2 2 2 2 2 2 2 2 1 2 2 2 1 2 2
left_child=2 5 3 4 12 11 -5 9 -9 -3 -4 -2 13 -1 -15 -16 -14 -18 -19 -12 -7 22 23 -6 -20 -21 -27 -10 -28 -24
right_child=1 7 10 6 21 20 -8 8 27 -11 19 -13 16 14 15 -17 17 18 24 25 -22 -23 29 -25 -26 26 28 -29 -30 -31
leaf_value=-1.8651873260827345 3.4391254737919752 1.8824386339220025 1.275460475129087 -0.82800885194633933 6.2439200850362448 2.7601702620111199 -0.30943151742330943 -0.9455826712915173 6.1370808353211919 -0.47439119760583309 -1.2023759924427659 1.2417293573935273 0.49749316168459734 -0.20394851362799665 7.8159580877006549 -0.19279749820168907 -1.8254923513764489 -2.2413294043000915 0.75061081867038182 -0.025047317686354622 4.7986216721535788 2.3873935806756865 -2.9446596600560793 -1.5426501612091355 -0.91715042159945526 2.8723696146516282 0.86308878212726958 2.4525474290278129 -0.40631876414539381 1.7278710422106816
leaf_weight=2915 6545 12168 37139 420018 1750 33355 199849 4585 2726 52272 16727 52304 34381 1647 1869 796 28943 7752 24781 129432 6176 17116 4323 1322 18162 9948 42591 2470 23576 2790
leaf_count=2915 6545 12168 37139 420018 1750 33355 199849 4585 2726 52272 16727 52304 34381 1647 1869 796 28943 7752 24781 129432 6176 17116 4323 1322 18162 9948 42591 2470 23576 2790
internal_value=-7.07176e-05 0.00114626 -0.000275082 -0.000456812 7.68432e-05 0.00184184 -0.000584699 0.000224261 0.00188069 -2.71582e-05 0.000263228 0.00125074 -0.000231596 0.00168327 0.00396336 0.00646341 -0.000352969 -0.000677316 -0.000227341 0.000124749 0.00272179 0.00144665 0.00026264 0.00274739 8.34816e-05 0.000221676 0.000645404 0.00419938 0.000357654 -0.000810489
internal_weight=1.20043e+06 172601 1.02783e+06 768414 148547 98380 619867 74221 9781 64440 259413 58849 121246 7227 4312 2665 114019 79638 50695 222274 39531 27301 10185 3072 42943 205547 76115 5196 66167 7113
internal_count=1200428 172601 1027827 768414 148547 98380 619867 74221 9781 64440 259413 58849 121246 7227 4312 2665 114019 79638 50695 222274 39531 27301 10185 3072 42943 205547 76115 5196 66167 7113
cat_boundaries=0 1 2 3 4 5
cat_threshold=1 17 8 4 4
is_linear=0
shrinkage=0.05


Tree=17
num_leaves=31
num_cat=24
split_feature=0 0 4 2 0 0 4 0 0 0 0 4 3 0 0 2 0 4 0 0 4 0 0 0 0 0 3 0 0 4
split_gain=64.5175 37.3992 25.5543 33.0719 27.9284 25.9447 20.2685 27.2152 26.5037 18.1118 13.9061 12.7135 25.9171 21.6997 16.4893 12.5691 11.9367 11.6726 10.6753 10.4518 9.7434 9.42416 8.66368 8.14787 7.82351 7.58771 6.7162 6.69588 6.13824 5.61037
threshold=0 1 7.5000000000000009 2 3 4 21.500000000000004 5 6 7 8 6.5000000000000009 9 10 11 12 13 17.500000000000004 14 15 1.5000000000000002 16 17 18 19 20 21 22 23 6.5000000000000009
decision_type=9 9 2 1 9 9 2 9 9 9 9 2 9 9 9 1 9 2 9 9 2 9 9 9 9 9 9 9 9 2
left_child=15 -2 4 6 -3 -5 8 -8 -4 26 -9 12 14 -13 -11 17 -7 25 -10 -14 -16 -15 -17 -22 -12 -1 -6 -20 -18 -28
right_child=1 2 3 5 9 16 7 10 18 11 24 13 19 21 20 22 28 -19 27 -21 23 -23 -24 -25 -26 -27 29 -29 -30 -31
leaf_value=2.5781640345376982 -0.9852865558850108 -0.92241509017147783 -1.4264402104483571 1.9239145889698837 5.968167070299355 -0.84758060693267945 3.1144119712549925 -1.7828518306144134 -0.8935729595535078 6.417078878672247 1.7282560812209284 -1.146409701707803 -0.98943472803947852 3.8351986314520241 -1.8528294584408862 4.087047228635778 -0.21770999966077281 2.2959868413536002 0.28611557792819858 0.38417778805408104 5.1666442235034644 1.7329835226071553 2.1638624419877805 0.66569247648501817 -0.043361308722652633 0.14535280661024269 1.7175694396828776 -0.35329438371696553 0.63117373428756451 3.7339944966264293
leaf_weight=5954 147336 35664 86898 29489 1456 27659 11636 11309 90796 2036 13834 6714 22840 8190 1534 6081 39179 19951 71671 72616 1430 15183 12315 1387 36106 29898 16169 274261 97618 3957
leaf_count=5954 147336 35664 86898 29489 1456 27659 11636 11309 90796 2036 13834 6714 22840 8190 1534 6081 39179 19951 71671 72616 1430 15183 12315 1387 36106 29898 16169 274261 97618 3957
internal_value=-8.44482e-05 -0.000178479 -6.67705e-05 -0.000191701 0.000455236 0.000375492 -0.000376113 0.000405089 -0.000484851 0.000748035 -1.62437e-05 0.000528269 0.000261529 0.00143135 0.00334507 0.00134357 0.000130543 0.000970108 -0.000326146 5.52075e-05 0.00159252 0.00215049 0.00247717 0.00334221 0.000342341 0.000430658 0.00209059 -0.000199485 0.000322095 0.00185432
internal_weight=1.20117e+06 1.12697e+06 979632 790456 189176 193945 596511 72885 523626 153512 61249 131930 101843 30087 6387 74199 164456 55803 436728 95456 4351 23373 18396 2817 49940 35852 21582 345932 136797 20126
internal_count=1201167 1126968 979632 790456 189176 193945 596511 72885 523626 153512 61249 131930 101843 30087 6387 74199 164456 55803 436728 95456 4351 23373 18396 2817 49940 35852 21582 345932 136797 20126
cat_boundaries=0 8 17 18 26 35 43 51 59 68 69 78 87 88 96 104 113 122 129 137 145 153 154 163 172
cat_threshold=270663704 3221231617 135528448 67535364 4194305 1077940480 1376 33685508 68686432 542113792 130 6208 147468 147586 134742016 671091458 1 1 29427712 114688 1073807368 545259649 3758368258 603980368 1075838976 65568 142868480 34079744 2420113416 50856192 2149847104 67633761 6291456 528528 2 4210688 16859152 21004292 4202504 117473280 2113 369365120 1082392656 1073758338 8272 16785408 2147508624 371458048 268503040 1074790402 1076895816 132 2229266 32768 2436907016 50401408 2159017984 101062784 8388624 134512640 75530254 268505121 145227776 16 17039360 2686517251 45056 4 8 16384 25690176 627179540 136323072 67108896 33554433 2148556816 2363465 2 0 402915392 15344708 33562896 335544320 524288 5300231 1344274432 4 1 1077937280 152 33597456 2554396680 1050624 151290892 262672 33792 134283520 2097156 302138372 144703488 44032 142901320 2164312064 4194337 2684387328 168043272 8389120 256 270567680 285737004 2420178945 525312 8 1610907906 201327136 268963936 524288 10485760 17047556 541065220 2216181760 12 268566528 4096 135528448 4 1 1073745920 256 33024 524332 2248165425 136904704 8912928 16777229 2684355072 278593 8326 656064 2148007952 50348160 3758364672 335544336 17866752 18874400 268435456 6145 1310720 393216 4194304 1073745920 96 33685504 8 2692745216 327155712 3294626056 1342177288 8388896 553648656 274735104 4224 2 16640 159383812 9065248 0 83927042 33554448 536889344 1417740296 8
is_linear=0
shrinkage=0.05


Tree=18
num_leaves=31
num_cat=16
split_feature=7 0 0 0 7 7 0 0 5 0 0 7 0 0 4 0 7 4 0 0 4 4 0 0 4 0 7 0 4 4
split_gain=108.229 61.5529 54.626 40.3507 33.7018 30.0567 38.3041 26.2318 23.8719 23.7619 22.2205 15.5428 26.9296 15.1856 14.3069 13.3932 13.1485 11.4625 11.6097 11.2865 14.6303 11.2048 10.5156 10.2458 10.0004 16.6453 9.40366 8.23023 8.18597 8.10467
threshold=81.500000000000014 0 1 2 164.50000000000003 48.500000000000007 3 4 4.5000000000000009 5 6 29.500000000000004 7 8 7.5000000000000009 9 181.50000000000003 8.5000000000000018 10 11 21.500000000000004 7.5000000000000009 12 13 8.5000000000000018 14 118.50000000000001 15 7.5000000000000009 7.5000000000000009
decision_type=2 9 9 9 2 2 9 9 2 9 9 2 9 9 2 9 2 2 9 9 2 2 9 9 2 9 2 9 2 2
left_child=2 4 -1 -4 17 7 21 -5 10 14 -3 15 29 -10 -8 -9 19 18 -2 -12 26 -7 -6 28 25 -11 -21 -26 -14 -13
right_child=1 8 3 5 22 6 9 11 13 24 16 12 23 -15 -16 -17 -18 -19 -20 20 -22 -23 -24 -25 27 -27 -28 -29 -30 -31
leaf_value=-1.3151554651779651 -1.612677854347413 6.3530106613350723 1.6932212616075195 -1.3152931183692902 1.389622017607643 5.9024487045745007 4.0627092898772972 0.42268436258540448 0.24986729736685442 -0.9824678854965132 1.7856069293792538 4.9524455222275394 2.3847386501405565 2.3963809329962409 1.0733140899868503 -0.68404499336092828 5.2852789953472037 -0.36073318734951548 2.0522583395149883 2.4968925874154753 7.7732198312124927 2.8832319105327913 4.168279307263421 -0.39377902117654173 -0.81830704530598009 2.1568668441901528 6.3474551338051519 0.042498028223564736 0.34658852875337715 1.8372053960732957
leaf_weight=156501 3808 3728 42442 99307 23010 1730 4089 39087 24001 10845 29764 1939 5804 14220 35500 237241 3186 103006 12177 11406 1408 10291 7304 100911 65483 15795 1576 78475 44492 11830
leaf_count=156501 3808 3728 42442 99307 23010 1730 4089 39087 24001 10845 29764 1939 5804 14220 35500 237241 3186 103006 12177 11406 1408 10291 7304 100911 65483 15795 1576 78475 44492 11830
internal_value=-7.10468e-05 0.000882167 -0.00030752 -0.000141388 0.000261024 -0.000224881 0.000264661 -0.000426102 0.00192057 0.000107588 0.00262806 -0.000260859 0.000123168 0.000975771 0.00121101 -0.000490143 0.00233368 -0.000118119 0.00112762 0.00211034 0.00326042 0.00300848 0.00174936 -6.96693e-05 -0.000148529 0.000741365 0.00273764 -0.000313218 0.000513258 0.00223928
internal_weight=1.20036e+06 238594 961762 805261 149305 762819 222208 540611 89289 210187 51068 441304 164976 38221 39589 276328 47340 118991 15985 44154 14390 12021 30314 151207 170598 26640 12982 143958 50296 13769
internal_count=1200356 238594 961762 805261 149305 762819 222208 540611 89289 210187 51068 441304 164976 38221 39589 276328 47340 118991 15985 44154 14390 12021 30314 151207 170598 26640 12982 143958 50296 13769
cat_boundaries=0 8 16 24 33 42 51 60 69 78 86 94 102 110 118 126 134
cat_threshold=36896 134217740 83911756 4224 536879168 131088 536870916 402917194 67638880 671088896 24582 22528 1073742344 131137 134217728 404753224 270532624 1090526208 1209270272 84279812 4194305 1140855040 9568 2181169152 2308 2416050240 4722720 8912960 169361408 134513664 285737472 16528 6 67584 16584 8454656 536879296 2214608128 4 537427968 328742 9 2148597760 6299650 69206089 134283264 67109152 4194364 151552 1141415937 1 8390656 2147483648 36176384 1107378180 234881056 4194308 134217728 32769 8 278530 262145 273186816 524288 43548694 136577664 274796561 1048576 2 0 16802 547356672 1073750016 3288334881 16777285 1073774592 2097188 8 537010184 2223505443 0 272662536 27263168 2148008448 103155840 25165824 36896 0 8192 0 8256 131088 536870916 1026 16777216 16674 2147483648 536870912 3221292033 33554432 1073741824 2097172 0 134217740 24576 128 64 0 0 134217736 3355475972 2487361536 67110976 176160784 147456 4202528 2164260864 604528784 8388608 16388 536937472 536870912 536940608 33554434 1074790402 327718 32768 32780 2155873280 8320 536947776 16777216 537919490 262146
is_linear=0
shrinkage=0.05


Tree=19
num_leaves=31
num_cat=6
split_feature=2 4 4 5 5 1 4 1 3 5 4 4 5 5 4 5 5 4 4 5 4 4 1 1 4 5 4 5 4 4
split_gain=35.5653 27.6396 29.9195 30.7282 25.4541 27.3215 28.1556 23.0052 20.698 30.5645 22.5759 20.361 20.0313 20.0275 19.0032 14.4581 24.4811 19.7486 17.6637 14.278 12.0896 10.6118 10.2418 10.1736 11.5078 9.62177 16.7035 19.3961 9.60223 17.533
threshold=0 7.5000000000000009 21.500000000000004 1.0000000180025095e-35 1.0000000180025095e-35 1 4.5000000000000009 2 3 5.5000000000000009 1.5000000000000002 6.5000000000000009 5.5000000000000009 1.5000000000000002 6.5000000000000009 4.5000000000000009 5.5000000000000009 22.500000000000004 22.500000000000004 5.5000000000000009 22.500000000000004 1.0000000180025095e-35 4 5 6.5000000000000009 2.5000000000000004 8.5000000000000018 4.5000000000000009 16.500000000000004 18.500000000000004
decision_type=1 2 2 2 2 1 2 1 9 2 2 2 2 2 2 2 2 2 2 2 2 2 1 1 2 2 2 2 2 2
left_child=1 4 28 20 5 6 21 13 9 -6 -11 -10 22 -5 -12 17 -17 -15 -18 -9 -4 -1 -13 -2 -25 -26 27 -27 -3 -30
right_child=23 2 3 7 8 -7 -8 19 11 10 14 12 -14 15 -16 16 18 -19 -20 -21 -22 -23 -24 24 25 26 -28 -29 29 -31
leaf_value=6.8793505550007099 0.90791289567812461 -0.71861014049474081 2.2188360498155193 -4.1325940666000358 -1.9180238629571549 0.46675994577176649 -2.2200753909917794 -1.4840168071419584 -0.60630417523169755 1.2799521406271968 7.4234381411939685 2.5688660040369937 -4.661373012336286 4.3672970291047069 -0.16019420319828376 -2.3058816724501692 0.052761577960584088 0.71617613359840948 5.0499421193187111 1.0924178135044873 6.0999166111680765 3.8220501644796805 0.49941369882121145 -0.80804532047632005 -0.15105285413679645 4.2569410763635265 0.48976472611067479 -0.33627335217812965 0.26506860276779659 -0.68271580683908972
leaf_weight=3030 98220 376377 5832 3544 3096 18465 2308 32376 91637 2914 3058 13969 2431 9402 827 7584 4311 7022 3932 9865 4929 7122 16954 34561 61773 7024 97504 4236 110903 155291
leaf_count=3030 98220 376377 5832 3544 3096 18465 2308 32376 91637 2914 3058 13969 2431 9402 827 7584 4311 7022 3932 9865 4929 7122 16954 34561 61773 7024 97504 4236 110903 155291
internal_value=-7.81647e-05 -0.000236403 -0.000368543 0.000491738 0.000346447 0.00164026 0.00344827 0.000146342 4.98187e-05 0.00225114 0.00412634 -0.00012445 0.00093332 0.00107876 0.00662162 0.00147112 0.000392682 0.00251035 0.0022789 -0.000643891 0.00299647 0.00458432 0.00127688 0.000389887 0.00018946 0.000358074 0.000641112 0.00246447 -0.000487426 -0.000257595
internal_weight=1.2005e+06 897179 731368 88797 165811 30925 12460 78036 134886 9895 6799 124991 33354 35795 3885 32251 15827 16424 8243 42241 10761 10152 30923 303318 205098 170537 108764 11260 642571 266194
internal_count=1200497 897179 731368 88797 165811 30925 12460 78036 134886 9895 6799 124991 33354 35795 3885 32251 15827 16424 8243 42241 10761 10152 30923 303318 205098 170537 108764 11260 642571 266194
cat_boundaries=0 1 2 3 4 5 6
cat_threshold=1 20 20 8 19 25
is_linear=0
shrinkage=0.05


Tree=20
num_leaves=31
num_cat=16
split_feature=7 0 0 7 0 5 0 0 0 7 0 0 4 4 7 0 0 7 0 0 0 4 0 7 5 4 7 4 0 0
split_gain=94.2471 62.535 48.6812 33.1687 29.9976 28.0783 26.4019 24.0427 17.7986 15.8541 23.7352 17.3969 14.0378 13.6096 13.0505 12.4287 11.85 11.5806 11.2137 11.1894 9.46192 8.08566 8.01607 10.0794 7.96765 10.6637 7.69744 7.50434 7.48404 7.18484
threshold=74.089225769042983 0 1 141.50000000000003 2 4.5000000000000009 3 4 5 36.382158279418952 6 7 8.5000000000000018 7.5000000000000009 175.50000000000003 8 9 41.201894760131843 10 11 12 2.5000000000000004 13 95.500000000000014 5.5000000000000009 22.500000000000004 202.50000000000003 7.5000000000000009 14 15
decision_type=2 9 9 2 9 2 9 9 9 2 9 9 2 2 2 9 9 2 9 9 9 2 9 2 2 2 2 2 9 9
left_child=2 3 -1 12 -4 7 17 -3 -7 16 27 13 18 -12 22 21 -8 -6 -2 -14 -5 -10 -9 -24 -17 -26 -22 -11 -18 -27
right_child=1 5 4 20 6 8 9 14 15 10 11 -13 19 -15 -16 24 28 -19 -20 -21 26 -23 23 -25 25 29 -28 -29 -30 -31
leaf_value=-1.2850840675336874 2.2821388113499377 5.3756715478995147 1.4573586604458262 3.5161267845939275 0.31951077736631872 6.6462743372595838 0.075993306987691189 1.6320064389701732 3.2985240119876602 5.1559128289992948 2.6131547990012063 -0.42853307612133451 0.09339516007288684 0.31593466942916093 4.8372593345002901 0.16778433546441784 -1.3584388875979529 1.896433945230426 -0.71633627511023157 -1.1625440306355814 0.58829714738222005 -0.98008471985972845 1.8794279723618121 4.6320863570616222 1.7486122364740773 7.0644919838978204 2.3059969079825851 1.487615130676889 -0.64412856036432675 0.80227300094629139
leaf_weight=146900 10847 6345 36424 9109 71264 1062 59052 33721 1368 2209 7464 224917 45405 56047 3796 10907 63991 18636 6886 64195 28540 16400 13535 5949 14811 1182 10730 8769 218345 513
leaf_count=146900 10847 6345 36424 9109 71264 1062 59052 33721 1368 2209 7464 224917 45405 56047 3796 10907 63991 18636 6886 64195 28540 16400 13535 5949 14811 1182 10730 8769 218345 513
internal_value=-8.18351e-05 0.000711511 -0.00032947 0.000126847 -0.000169777 0.00164878 -0.000239592 0.00233274 0.000712215 -0.000352168 -8.6606e-05 -0.000173487 -0.000296586 0.000557216 0.00200654 0.000560841 -0.000585083 0.000562784 0.00100857 -0.000507757 0.00124134 -0.00046912 0.00180481 0.0026126 0.00122835 0.00192172 0.000903767 0.00219421 -0.000719792 0.00567846
internal_weight=1.19932e+06 285301 914018 175712 767118 109589 730694 63346 46243 640794 299406 288428 127333 63511 57001 45181 341388 89900 17733 109600 48379 17768 53205 19484 27413 16506 39270 10978 282336 1695
internal_count=1199319 285301 914018 175712 767118 109589 730694 63346 46243 640794 299406 288428 127333 63511 57001 45181 341388 89900 17733 109600 48379 17768 53205 19484 27413 16506 39270 10978 282336 1695
cat_boundaries=0 8 16 24 33 42 50 59 68 77 85 93 101 109 117 126 134
cat_threshold=36900 134217996 25668 536875136 536879168 16908288 537001988 402916170 528992 256 24578 18560 1140862986 131137 134250496 673254216 270532632 1090524160 1079246848 268829188 4194305 1140855040 33826272 33554432 271364 2424440833 0 83918856 25165856 5242880 81926144 2156003472 2 2155874304 2147549184 53023232 33636356 100679712 4194308 134217728 17 8 0 2147549248 100663297 4 167772160 33554468 0 524289 256 71573568 559104 134217792 35176468 136577024 2433286673 1064960 4 2224029696 2097154 371200121 42532864 134217728 42024 4 1141383168 1 0 0 555745280 8192 3288337952 65 1073741824 2098208 8 2147614722 103285248 3087042576 5242897 1048768 2158494208 268501008 16781312 0 134217996 16388 4224 0 0 0 402916168 36864 264 4 536871040 8256 16777216 536870912 268436226 32800 256 1028 0 536879104 131072 0 262400 16777216 16418 0 1073741824 3355512833 16 0 2129924 1114112 81996 52494852 671100928 2181041664 12 524288 263174 13 8388608 16384 2147483648 16384 69632 4194304 32768 20
is_linear=0
shrinkage=0.05


Tree=21
num_leaves=31
num_cat=17
split_feature=7 0 0 0 7 0 0 7 0 0 2 5 0 5 4 0 7 0 0 5 0 7 7 0 7 0 0 7 5 0
split_gain=83.7837 48.873 41.2142 35.4778 30.8102 32.1342 27.5272 19.3077 18.9897 17.5131 14.4675 13.9365 13.8431 13.7672 12.462 13.2582 10.3132 15.856 11.0552 10.287 12.0941 9.44619 8.87931 8.21111 8.07986 7.1199 7.01017 7.00381 9.52198 6.98606
threshold=101.50000000000001 0 1 2 59.500000000000007 3 4 175.50000000000003 5 6 7 4.5000000000000009 8 2.5000000000000004 7.5000000000000009 9 36.382158279418952 10 11 4.5000000000000009 12 238.50000000000003 57.342023849487312 13 190.50000000000003 14 15 72.481208801269545 4.5000000000000009 16
decision_type=2 9 9 9 2 9 9 2 9 9 1 2 9 2 2 9 2 9 9 2 9 2 2 9 2 9 9 2 2 9
left_child=1 -1 7 22 6 -6 -5 19 -7 11 16 24 -12 -11 15 -10 18 -18 -8 20 -2 -13 -3 -15 -4 -19 -14 -16 -29 -21
right_child=2 3 9 4 5 8 10 -9 14 13 12 21 26 23 27 -17 17 25 -20 29 -22 -23 -24 -25 -26 -27 -28 28 -30 -31
leaf_value=-1.1190418749663658 2.3200892018240178 1.0376825352092196 2.5709973646129565 -1.0923230082854027 -0.21526204448305292 4.0446382229411197 0.31457038495979084 1.9560397595956811 1.2065061093388554 7.7555100598490334 -0.65871368778370676 0.36173151100279821 1.7711128397277236 11.84221489133996 0.34773930488578914 4.7749572754558551 2.4546332136757765 0.54894097054659419 -0.69069872686808753 0.29349612853022983 0.1560304683466246 4.8660633962628923 3.024970929011074 3.3917668185031591 5.3013329299814869 -0.40142936455830469 0.44995308747166951 2.4181627972446735 0.44814136679427741 -1.4914403847762494
leaf_weight=167755 8275 47612 25801 135015 104012 5336 41048 23670 4134 1541 31283 15739 16197 174 40834 3638 6584 38313 214091 13952 32005 1434 8632 6522 2473 73738 77864 15915 16202 20100
leaf_count=167755 8275 47612 25801 135015 104012 5336 41048 23670 4134 1541 31283 15739 16197 174 40834 3638 6584 38313 214091 13952 32005 1434 8632 6522 2473 73738 77864 15915 16202 20100
internal_value=-6.94201e-05 -0.000228359 0.0010289 -7.93235e-05 -0.000162241 0.00039614 -0.000329609 0.000418723 0.00111079 0.00214232 -0.000158257 0.00175693 0.000306595 0.00426397 0.000919511 0.00282295 -0.000314148 7.10149e-05 -0.000493242 2.27346e-05 0.000563554 0.000633843 0.00113556 0.00328853 0.0024397 -6.92046e-05 0.000609592 0.00071685 0.00126926 -0.000616999
internal_weight=1.19989e+06 1.0482e+06 151686 880448 824204 190071 634133 98002 86059 53684 499118 45447 125344 8237 80723 7772 373774 118635 255139 74332 40280 17173 56244 6696 28274 112051 94061 72951 32117 34052
internal_count=1199889 1048203 151686 880448 824204 190071 634133 98002 86059 53684 499118 45447 125344 8237 80723 7772 373774 118635 255139 74332 40280 17173 56244 6696 28274 112051 94061 72951 32117 34052
cat_boundaries=0 8 16 25 33 42 51 59 60 69 78 86 94 102 109 118 126 134
cat_threshold=67637856 536870912 24706 22528 1610620936 268582912 134742016 941624136 32 134217900 16802816 4224 536879168 131152 536870916 402917736 270533640 3221232640 1075052544 67535364 20971521 1077940224 67110240 33685504 2 17858560 134250764 536872004 134750208 2147554880 67 1611661828 262150 2048 82312 8389124 8384 2214600192 134250565 2148564992 328738 1 2147485700 268566592 34078753 64 167772160 42016 2 16529 4 32768 16640 8388868 536879108 3221293313 16777217 0 2097668 1 4194432 134251028 526640 1610678272 1769730 50332682 545522176 32768 8 8388608 82048 2214658312 536936576 32 33554448 0 590880 8 262148 273023040 273188880 134217728 34619408 69468672 289481233 2147483648 541327380 142606353 2214625296 268435464 9437440 16777984 853811328 2155872256 0 12 16793600 128 8192 64 0 268435520 0 0 0 0 33554432 37748736 134217728 256 201334784 67113064 1107361792 143130912 9224 151552 68698256 4 139264 26738688 138543104 18350352 278921216 79168000 270536705 2147504272 0 134217760 1024 0 8256 131136 536870916 268437760
is_linear=0
shrinkage=0.05


end of trees

feature_importances:
PULocationID=196
dispatch_hour=149
recent_zone_demand_filled=119
day_of_week=109
pu_borough=34
dispatch_weather_sev=27
company=26

parameters:
[boosting: gbdt]
[objective: quantile]
[metric: quantile]
[tree_learner: serial]
[device_type: cpu]
[data_sample_strategy: bagging]
[data: ]
[valid: ]
[num_iterations: 500]
[learning_rate: 0.05]
[num_leaves: 31]
[num_threads: 2]
[seed: 0]
[deterministic: 0]
[force_col_wise: 0]
[force_row_wise: 1]
[histogram_pool_size: -1]
[max_depth: -1]
[min_data_in_leaf: 20]
[min_sum_hessian_in_leaf: 0.001]
[bagging_fraction: 0.8]
[pos_bagging_fraction: 1]
[neg_bagging_fraction: 1]
[bagging_freq: 1]
[bagging_seed: 3]
[bagging_by_query: 0]
[feature_fraction: 0.8]
[feature_fraction_bynode: 1]
[feature_fraction_seed: 2]
[extra_trees: 0]
[extra_seed: 6]
[early_stopping_round: 0]
[early_stopping_min_delta: 0]
[first_metric_only: 0]
[max_delta_step: 0]
[lambda_l1: 0]
[lambda_l2: 0]
[linear_lambda: 0]
[min_gain_to_split: 0]
[drop_rate: 0.1]
[max_drop: 50]
[skip_drop: 0.5]
[xgboost_dart_mode: 0]
[uniform_drop: 0]
[drop_seed: 4]
[top_rate: 0.2]
[other_rate: 0.1]
[min_data_per_group: 100]
[max_cat_threshold: 32]
[cat_l2: 10]
[cat_smooth: 10]
[max_cat_to_onehot: 4]
[top_k: 20]
[monotone_constraints: ]
[monotone_constraints_method: basic]
[monotone_penalty: 0]
[feature_contri: ]
[forcedsplits_filename: ]
[refit_decay_rate: 0.9]
[cegb_tradeoff: 1]
[cegb_penalty_split: 0]
[cegb_penalty_feature_lazy: ]
[cegb_penalty_feature_coupled: ]
[path_smooth: 0]
[interaction_constraints: ]
[verbosity: -1]
[saved_feature_importance_type: 0]
[use_quantized_grad: 0]
[num_grad_quant_bins: 4]
[quant_train_renew_leaf: 0]
[stochastic_rounding: 1]
[linear_tree: 0]
[max_bin: 255]
[max_bin_by_feature: ]
[min_data_in_bin: 3]
[bin_construct_sample_cnt: 200000]
[data_random_seed: 1]
[is_enable_sparse: 1]
[enable_bundle: 1]
[use_missing: 1]
[zero_as_missing: 0]
[feature_pre_filter: 1]
[pre_partition: 0]
[two_round: 0]
[header: 0]
[label_column: ]
[weight_column: ]
[group_column: ]
[ignore_column: ]
[categorical_feature: 0,1,2,3]
[forcedbins_filename: ]
[precise_float_parser: 0]
[parser_config_file: ]
[objective_seed: 5]
[num_class: 1]
[is_unbalance: 0]
[scale_pos_weight: 1]
[sigmoid: 1]
[boost_from_average: 1]
[reg_sqrt: 0]
[alpha: 0.9]
[fair_c: 1]
[poisson_max_delta_step: 0.7]
[tweedie_variance_power: 1.5]
[lambdarank_truncation_level: 30]
[lambdarank_norm: 1]
[label_gain: ]
[lambdarank_position_bias_regularization: 0]
[eval_at: ]
[multi_error_top_k: 1]
[auc_mu_weights: ]
[num_machines: 1]
[local_listen_port: 12400]
[time_out: 120]
[machine_list_filename: ]
[machines: ]
[gpu_platform_id: -1]
[gpu_device_id: -1]
[gpu_use_dp: 0]
[num_gpu: 1]

end of parameters

pandas_categorical:[[2, 3, 4, 5, 6, 7, 8, 9, 10, 11, 12, 13, 14, 15, 16, 17, 18, 19, 20, 21, 22, 23, 24, 25, 26, 27, 28, 29, 30, 31, 32, 33, 34, 35, 36, 37, 38, 39, 40, 41, 42, 43, 44, 45, 46, 47, 48, 49, 50, 51, 52, 53, 54, 55, 56, 57, 58, 59, 60, 61, 62, 63, 64, 65, 66, 67, 68, 69, 70, 71, 72, 73, 74, 75, 76, 77, 78, 79, 80, 81, 82, 83, 84, 85, 86, 87, 88, 89, 90, 91, 92, 93, 94, 95, 96, 97, 98, 99, 100, 101, 102, 105, 106, 107, 108, 109, 110, 111, 112, 113, 114, 115, 116, 117, 118, 119, 120, 121, 122, 123, 124, 125, 126, 127, 128, 129, 130, 131, 132, 133, 134, 135, 136, 137, 138, 139, 140, 141, 142, 143, 144, 145, 146, 147, 148, 149, 150, 151, 152, 153, 154, 155, 156, 157, 158, 159, 160, 161, 162, 163, 164, 165, 166, 167, 168, 169, 170, 171, 172, 173, 174, 175, 176, 177, 178, 179, 180, 181, 182, 183, 184, 185, 186, 187, 188, 189, 190, 191, 192, 193, 194, 195, 196, 197, 198, 199, 200, 201, 202, 203, 204, 205, 206, 207, 208, 209, 210, 211, 212, 213, 214, 215, 216, 217, 218, 219, 220, 221, 222, 223, 224, 225, 226, 227, 228, 229, 230, 231, 232, 233, 234, 235, 236, 237, 238, 239, 240, 241, 242, 243, 244, 245, 246, 247, 248, 249, 250, 251, 252, 253, 254, 255, 256, 257, 258, 259, 260, 261, 262, 263], ["Bronx", "Brooklyn", "Manhattan", "Queens", "Staten Island"], ["HV0003", "HV0005"], ["dry", "heavy_rain", "light_rain", "snow"]]
